id,category,year,question,option_a,option_b,option_c,option_d,correct_answer,explanation,reference,difficulty
1,道路,2015,道路構造令に関する記述として、誤っているものはどれか。,道路構造令は高速自動車国道および一般国道の構造の一般的技術的基準を定めている,道路構造令で規定している道路の構造とは主として道路の幅員・建築限界・線形・視距・交差または接続等の構造である,道路構造令は道路を新設し又は改築する場合に適用され修繕工事の場合も道路構造令の規定によらなければならない,道路構造令は一般的技術的基準であり一般的道路利用とは異なる場合には個別に検討してもよい,C,修繕工事の場合は道路構造令の規定によらなくてもよい場合がある,道路構造令,標準
2,道路,2015,道路の分類に関する記述として、誤っているものはどれか。,歩行者専用道路・自転車専用道路は自動車が通行しない歩行者・自転車のための道路である,多機能道路は自動車の通行機能よりも歩行者等の交通機能を重視した道路である,自動車の通行機能を重視する道路は自動車の通行機能を重視し部分的に出入制限された道路である,自動車専用道路は自動車の通行機能に特化し完全に出入制限された道路である,B,多機能道路は自動車機能と歩行者機能の調和を図る道路,道路構造令,標準
3,道路,2015,設計速度に関する記述として、誤っているものはどれか。,設計速度は道路設計の基礎とする自動車の速度である,道路の幅員は設計速度に基づき決定する,一般道路の設計速度は出入制限を伴わない交通制御を行うことが前提となるのでその最高値は80km/hとしている,設計速度が30km/h以上の道路はやむを得ない場合には20km/hまたは10km/h減じた値まで縮小できる,D,設計速度の縮小は10km/hまでが原則,道路構造令,標準
4,道路,2015,建築限界に関する記述として、誤っているものはどれか。,普通道路の高さは設計車両の高さ3.8mに余裕高を加えて4.5mとする,小型道路の高さは設計車両の高さ2.8mに走行車両の跳ね上がりを考慮して3.0mとする,小型道路のハンチ切欠き部の幅員は車道に接続する路肩の幅員とし当該値が1mを超える場合においては1.0mとする,片勾配を有する区間では路面に直角ただし標準の横断勾配以下の勾配となる区間は鉛直にとる,B,小型道路の高さは設計車両高に余裕高を加えて3.0m,道路構造令,標準
5,道路,2015,クロソイドの設計に関する記述として、誤っているものはどれか。,A≧R/3を目安としクロソイドが極端に長くなってなめらかさを欠くことを避ける,A≦Rを目安としクロソイドの端部で曲率の増加を大きく感じさせないようにする,Rが非常に大きい場合にはA≧R/3にはこだわらなくてもよい,幹線道路への出入路やヘアピン曲線のように速度変化が当然あるところではA≦Rを目安とする必要はない,B,クロソイドパラメータAは一般にA≧R/3が目安,道路構造令,やや難
6,道路,2015,交通量変動に関する記述として、誤っているものはどれか。,交通量に対する単位時間を小さくとった場合は方向別分布の差が大きくなり特に都市部の道路でこの傾向は強い,多車線道路における交通量の車線別分布は交通量が比較的少ない場合は第1車線の交通比率は大きいが交通量が増大するに従い第2車線第3車線の交通比率は増大し第1車線より大きくなる,1日の中でも交通量は変動し都市部および都市周辺部では朝夕2回のピークがあり地方部では午後に1回のピークがあるものもある,単位時間を小さくした場合交通量のピークは大きくなることから高速自動車国道交差接続部等の重要な道路の区間では15分間交通量5分間交通量を用いることが多い,B,交通量が増大しても第1車線の交通比率が最も高い状態が続く,道路交通計画,標準
7,道路,2015,交通容量に関する記述として、誤っているものはどれか。,基本交通容量とは道路条件および交通条件が基本的な条件を満たしている場合に通過することができる乗用車の最大数である,可能交通容量とは現実の道路条件および交通条件の下で通過することが期待できる乗用車の最大数である,サービス水準は目標年次における交通状態が年間を通じて満足すべきサービスの質の程度である,単路部の基本交通容量は多車線で2200pcu/h/車線2車線で2500pcu/h/往復である,D,2車線の基本交通容量は1700pcu/h/往復程度,道路の交通容量,標準
8,道路,2015,平面交差点に関する記述として、誤っているものはどれか。,道路構造令では屈折車線の幅員は普通道路で3m小型道路で2.5mを標準としている,道路構造令では第3種第2級第4種第1級の道路において屈折車線を設ける場合には直進車線の幅員を縮小出来ることとしている,停車帯や駐車可能な路肩は確保しないで停車を抑制する,都市部の右折車線において大型車混入率が低い場合には2.5mまで縮小してよい,A,屈折車線の標準幅員は普通道路3.5m小型道路3.0m,道路構造令,標準
9,道路,2015,登坂車線に関する記述として、誤っているものはどれか。,普通道路の縦断勾配が5%(高速自動車国道および高速自動車国道以外の設計速度が100km/h以上の道路では3%)を超える車道には必要に応じて登坂車線を設置する,第1種のような高速連続運転が行われる道路ではトラックに対して設計速度の1/2の速度よりも高い許容最低速度を用いて設置区間を設定した方が望ましい,登坂車線の幅員は道路規格に応じて設定する。また第1種第2種の道路においては本線との間に側帯相当幅を設ける,長区間に登坂車線を設置する場合は必要に応じて非常駐車帯を設置する必要がある,A,登坂車線設置基準の勾配は道路種別により異なる,道路構造令,標準
10,道路,2015,舗装の性能指標に関する記述として、誤っているものはどれか。,舗装の必須の性能指標は疲労破壊輪数塑性変形輪数および平たん性である,舗装の性能指標の値は施工直後の値とするが性能の確認が不十分である場合は必要に応じて供用後一定期間を経た時点の値を設定する,塑性変形輪数はFWDによる載荷点直下のたわみを測定し推定式を用いて算出する,平たん性の確認は3メートルプロフィルメータによる平たん性測定方法又はこれと同等の路面性状測定車による測定方法により行う,C,塑性変形輪数は室内試験により求める,舗装設計施工指針,標準
11,道路,2015,カルバートの要求性能に関する記述として、誤っているものはどれか。,性能1は想定する作用によってカルバートとしての健全性を損なわない性能である,性能1は安全性供用性修復性全てを満たすものである。しかし降雨や地震動の作用による軽微な変形について全く許容しないことではなく通常の維持管理程度の補修で機能を確保できることも含んでいる,性能2は想定する作用による損傷が限定的なものにとどまりカルバートとしての機能の回復を速やかに行い得る性能である,性能2は安全性および供用性を満たすものでありカルバートとしての機能が応急復旧程度の作業で速やかに回復できることを意図している,B,性能1では軽微な補修で機能確保できることを含む,道路土工構造物技術基準,標準
12,道路,2015,カルバートの維持管理に関する記述として、誤っているものはどれか。,点検には日常点検定期点検の他に異常気象時等の場合に臨時に行う点検がある,点検の手段は目視観察では不十分なので双眼鏡の使用ハンマーによる打音点検損傷位置の測定等詳細に行うことを基本とする,点検は対象構造物にできるだけ接近した箇所で行うことが望ましいのでリフト車やはしご等を利用する,カルバートの点検における調査項目としては上部道路の状況カルバート内部の道路や水路の状況カルバートの変状の有無がある,B,点検は目視観察を基本とし必要に応じて詳細点検を行う,道路土工構造物技術基準,標準
13,道路,2015,舗装の現況調査および評価に関する記述として、誤っているものはどれか。,簡易調査は巡回パトロール時の目視観察や道路利用者または沿道住民からの情報により路面の状況などを把握する調査である,路面の性能はひび割れ率わだち掘れ量平坦性浸透水量などで評価する,舗装構造の評価方法には残存等値換算厚表面たわみ疲労度などの指標を用いて行う方法がある,PSIは舗装構造の評価を行うための代表的な評価式である,D,PSIは路面の乗り心地を評価する指標,舗装設計施工指針,標準
14,道路,2015,アスファルト舗装の維持修繕工法に関する記述として、誤っているものはどれか。,対策の及ぶ層の範囲が基層までの維持修繕工法には表層・基層打換え工法オーバーレイ工法路上表層再生工法などがある,対策の及ぶ層の範囲が表層のみの維持修繕工法には打換え工法局部打換え工法路上路盤再生工法などがある,薄層オーバーレイ工法は既設舗装の上に厚さ4cm未満の加熱アスファルト混合物を舗設する工法である,シール材注入工法は比較的幅の広いひび割れに注入目地材等を充填する工法である,B,路上路盤再生工法は路盤まで対策が及ぶ工法,舗装設計施工指針,標準
15,道路,2015,落石の計測管理に関する記述として、誤っているものはどれか。,落石検知システムは落石の発生・落下を検知するシステムで落下・衝突を感知する計測機器を使用する,落石監視システムは斜面上の浮石や不安定岩塊について変動・傾斜を測定・監視し異常を監視するためのシステムである,落石検知の計測機器の代表的なものとして伸縮計傾斜計画像解析などがある,落石監視の計測機器のうち亀裂変位計は大変位の計測は困難であるとともに転石の計測には適さない,C,落石検知には振動センサーや光ファイバーセンサーが使用される,道路防災点検要領,標準
16,道路,2015,道路構造物の用語の説明として、誤っているものはどれか。,中央帯は車線の往復方向別の分離車両の通行に必要な側方余裕の確保右折車線の設置など自動車の交通機能(通行機能)に必要な空間である,停車帯は車両の通行に必要な側方余裕の確保故障車の待避による事故と交通の混乱防止などを目的とする道路の部分である,植樹帯は異種交通の分離による交通の安全性・快適性の向上など自動車・歩行者などの交通機能(通行機能)に必要な空間である,副道は沿道施設への乗入れなど自動車の交通機能(アクセス機能)に必要な空間である,A,中央帯は市街地形成防災環境収容の各空間機能も提供する,道路構造令,標準
17,道路,2015,道路の区分に関する記述として、誤っているものはどれか。,道路の区分は道路の種類計画交通量道路の存する地域および地形の状況から定まるものであり自動車の交通機能を中心に考えて定めたものである,道路の区分は高速自動車国道および自動車専用道路とそれ以外の道路の別道路の存する地域地形の状況および計画交通量に応じて第1種第1級から第4級第2種第1級および第2級第3種第1級から第5級第4種第1級から第4級までの種別級別に区分している,普通道路とは道路構造令第4条に規定する小型自動車普通自動車セミトレーラ連結車の通行の用に供することを目的とする道路であり通行機能アクセス機能など一般的な機能を有する道路である,小型道路とは設計車両を道路構造令第4条に規定する小型自動車等のみの通行の用に供することを目的とする道路であり主にアクセス機能を考慮した道路である,B,第2種は第1級と第2級のみの区分,道路構造令,標準
18,道路,2015,曲線部の拡幅に関する記述として、誤っているものはどれか。,車道の曲線部においては当該道路の区分曲線半径に応じて1車線(車線を有しない道路にあたっては車道)毎に拡幅するものとする,曲線部の拡幅について第3種の普通道路および小型道路において地形の状況その他の特別な理由により拡幅を設けなくても良い場合がある,曲線半径に応じた拡幅量の最小値は1車線当たり0.25mである,曲線半径に応じた拡幅量の最大値は1車線当たり2.25mである,D,拡幅量の最大値は1車線当たり1.5m程度,道路構造令,標準
19,道路,2015,道路の縦断線形に関する記述として、誤っているものはどれか。,同方向に屈曲する縦断曲線の間に短い直線を入れることは避けることが望ましい,縦断方向の路面排水のために3.0~5.0%程度の縦断勾配を付しておくのが望ましい,短区間で凹凸を繰り返す縦断線形は避けることが望ましい,サグ部に必要以上に大きな縦断曲線を入れることは避けることが望ましい,B,路面排水のための縦断勾配は0.3~0.5%程度,道路構造令,標準
20,道路,2015,道路の線形に関する記述として、誤っているものはどれか。,平面曲線と縦断曲線の重ね合わせることは避けることが望ましい,平面曲線と縦断曲線との大きさの均衡を保つことが望ましい,下り勾配で直線の先に急な平面曲線を接続することは避けることが望ましい,適当な合成勾配の得られる線形の組合せを選ぶことが望ましい,A,平面曲線と縦断曲線は適切に重ね合わせることが望ましい,道路構造令,標準
21,道路,2015,平面交差に関する記述として、誤っているものはどれか。,平面交差点における安全性と円滑性を考慮し交差点付近の直進車の設計速度は原則としてその道路の設計速度を減じることとする,道路は駅前広場等特別の箇所を除き同一箇所において同一平面で5以上交会させてはならない,お互いに交差する交通流は直角またはそれに近い角度で交差するように計画しなければならない。しかしやむを得ない場合には60度以上とすることができる,第1種の道路の交差点は信号によって制御されないことを基本とする,B,同一平面では4以上の交会は避ける,道路構造令,標準
22,道路,2015,立体交差に関する記述として、誤っているものはどれか。,完全出入り制限を行う第1種の普通道路と他の普通道路との交差はすべて立体交差とする,第3種または第4種の普通道路においては車線の数が4以上である普通道路が相互に交差する場合は立体交差を原則とする,第1種の部分出入り制限の普通道路および第3種第4種の立体交差であっても交通量および交通の安全から見て当分の間平面交差で処理できると認められる場合は段階建設として平面交差とすることができる,第2種の普通道路と他の普通道路との交差はすべて平面交差とする,D,第2種でも必要に応じて立体交差とする場合がある,道路構造令,標準
23,道路,2015,立体交差における上級道路の区分とランプ種別の組合せとして、誤っているものはどれか。,第1種道路-A規格またはB規格(特別な場合D規格),第2種道路-C規格(特別な場合A規格),第3種道路-C規格(特別な場合A規格),第4種道路-B規格(特別な場合D規格),D,第4種道路はC規格またはD規格,道路構造令,標準
24,道路,2015,歩車共存道路等に関する記述として、誤っているものはどれか。,歩行者に対するサービスを優先し自動車に対するサービスを限定する道路である,自動車の通行が非常に少ない道路で歩行者の安全確保のために歩道等を設置するのは経済的合理的でない道路に対応できる,たまり空間を確保することにより立ち話等のような住宅地や商店街に存する道路が持つべき機能を持たせることができる,歩車共存道路は歩行者の通行空間が設けられ自動車自転車の通行空間とは物理的に分離される,D,歩車共存道路は物理的分離ではなく通行方法により共存を図る,道路構造令,標準
25,道路,2015,道路の附属施設に関する記述として、誤っているものはどれか。,主として夜間における交通の安全と円滑化を図るため必要がある場合において照明施設を設けるものとする,道路の屈曲部見通しの悪い交差点等には他の車両等を確認するため必要がある場合においては視線誘導標を設けるものとする,舗装された路面には必要な場所にマーキングを設けなければならない,第1種および第2種の道路や出入制限を行っている第3種第1級第2級および第4種第1級の道路には火災交通事故車両故障等の発生を関係機関に緊急に連絡するため必要がある場合においては適切な間隔で非常電話を設けるものとする,B,視線誘導標ではなくカーブミラー等の安全施設,道路構造令,標準
26,道路,2015,道路の移動等円滑化ガイドライン(歩道等)に関する記述として、誤っているものはどれか。,歩道等の縦断勾配は5%以下とするものとする。ただし地形の状況その他の特別な理由によりやむを得ない場合においては8%以下とすることができる,歩道等(車両乗入れ部及び横断歩道に接続する部分を除く)に設ける縁石の車道等に対する高さは25cm以上を基本とする,歩道等(縁石を除く)の車道等に対する高さは5cmを標準とするものとする,横断歩道に接続する歩道等の部分の縁端は車道等の部分より高くするものとしその段差は2cmを標準とする,B,縁石の高さは15cm以上が基本,移動円滑化ガイドライン,標準
27,道路,2015,道路排水の分類に関する記述として、誤っているものはどれか。,のり面排水とは切土盛土あるいは自然斜面を流下する水のみとしのり面の浸食や安定性を損なう排水はのり面排水の対象として扱わない,構造物の排水とは構造物の裏込め部のたん水や構造物内の漏水および降雨降雪により生じた橋面の表面水などを除去することをいう,地下排水とは地下水位を低下させること及び道路に隣接する地帯ならびに路面から浸透してくる水や路床から上昇してきた水をしゃ断したりすみやかに除去することをいう,表面排水とは降雨または降雪によって生じた路面および道路隣接地からの表面水を排除することをいう,A,のり面の浸食や安定性を損なう排水ものり面排水の対象,道路土工排水工指針,標準
28,道路,2015,擁壁の点検に関する記述として、誤っているものはどれか。,防災点検は道路に隣接する土工構造物等について問題があると判断される箇所を抽出するとともにその後の平常時の点検や対策の進め方を検討するための防災対策の基本となるものである,日常点検は通常巡回の際に主に車両上から目視により行うが異常が認められた場合にはその変状の程度はかなり進展しているおそれがあるので変状箇所の周辺状況等にも十分注意して観察する,定期点検は定期巡回の際にできるだけ遠望から点検するものとする,異常時点検は日常点検や定期点検を補完するための点検で集中豪雨や台風の前後地震の直後等に擁壁の異常・損傷等の有無を確認する,C,定期点検はできるだけ近接して詳細に点検,道路土工擁壁工指針,標準
29,道路,2015,盛土部の災害時応急対策に関する記述として、誤っているものはどれか。,崩壊面をシートで覆う。なおこの場合シートのラップ部から雨水を浸入させないように注意する必要がある,崩土流出が懸念される場合のり尻付近に土のうを設置し盛土に隣接する施設等へ支障が出ないようにする。その場合水が溜まることのないように仮排水口を設ける,路面からの雨水浸透を防ぐために将来的にも活用できる本設水路を設ける,小段排水溝の変状・損傷により水が滞留したり滞留した水が盛土のり面を流れ盛土のり面の崩壊を促進することがあるので早急対策を実施する必要がある,C,災害時応急対策では仮設的な対策を基本とし本設工事は復旧段階で実施,道路土工盛土工指針,標準
30,道路,2015,排水施設の維持管理に関する記述として、誤っているものはどれか。,のり面排水としての側溝や小段排水溝等においては山地部では落葉崩落土等人家のあるところでは塵かい等が詰まって排水できなくなる場合があるが定期的に点検して清掃することは不要である,小段排水溝と縦排水溝やのり尻排水溝等の接合点断面変化点は構造も比較的複雑な上プレキャスト製品と現場施工の接点となる場合が多いため構造的な弱点となりやすくまた水流の変化点であることから変状・損傷が発生しやすい,地下排水施設としては集水管(多孔管やドレーン材)を埋設する場合と粗粒材料の透水性を利用して地中の水を排水する場合とがあるがいずれの場合においても吐口に土砂が集まるなどして排水が妨げられることがないように注意する必要がある,横断排水施設(カルバート)内および呑口・吐口に土砂の堆積や流木がないか呑口や翼壁の周りが洗掘されていないかカルバート内部の継ぎ目地の開き躯体の亀裂や漏水がないか等に着眼して定期的に点検を行う,A,排水施設は定期的な点検と清掃が必要,道路土工排水工指針,標準
31,土質及び基礎,2015,土の構成の模式図に示す体積・質量の割合から土の状態を表す諸量として、誤っているものはどれか。,含水比 w=(mw/ms)×100(%),含水率 w=(mw/m)×100(%),体積含水率 θ={Vw/(Vw+Va)}×100(%),飽和度 Sr={Vw/(Va+Vw)}×100(%),B,含水率の定義が誤っている。含水比は乾燥質量に対する水の質量の比,土質力学,標準
32,土質及び基礎,2015,設計に用いるN値を求めるための標準貫入試験方法に関する記述として、正しいものはどれか。,ハンマーの落下方法は自動落下(全自動落下型)とする,標準貫入試験のための掘削孔径は原則66~116mmとする,ハンマーをセットし予備打ち開始前の時点で貫入量が450mmに達した場合は本打ちを実施せずロッド自沈量を記載する,予備打ち及び本打ちにおいて50回の打撃に対して累計貫入量が10mm未満の場合は貫入不能と記録する,B,標準貫入試験の掘削孔径は原則66~116mmが正しい,JIS A 1219,標準
33,土質及び基礎,2015,一軸圧縮試験に関する記述の空欄に入る組み合わせとして、正しいものはどれか。粘性土に対しては[ア]の三軸圧縮試験に代わる簡便な試験として用いることができる。,ア:排水 イ:過小 ウ:過大 エ:塑性,ア:排水 イ:過大 ウ:過大 エ:液性,ア:非排水 イ:過大 ウ:過小 エ:液性,ア:非排水 イ:過小 ウ:過小 エ:塑性,D,一軸圧縮試験は非排水三軸圧縮試験の簡便法で硬質粘性土では強度を過小評価する可能性,道路橋示方書IV下部構造編,やや難
34,土質及び基礎,2015,軟弱地盤の分布域と地盤の成層状況の対応関係において、海岸部から内陸部への地形順序として正しいものはどれか。,海岸砂州→自然堤防→後背湿地→三角州低地,海岸砂州→後背湿地→自然堤防→三角州低地,海岸砂州→三角州低地→自然堤防→後背湿地,海岸砂州→自然堤防→三角州低地→後背湿地,A,海岸部から内陸部へは砂州→自然堤防→後背湿地→三角州低地の順,沖積地盤,やや難
35,土質及び基礎,2015,河川砂防技術基準における河川堤防の新設時に推奨される本調査の調査密度の目安として、誤っているものはどれか。,ボーリング調査は堤防法線付近に沿って本調査(第1次)では1箇所/200m程度本調査(第2次)では1箇所/100m程度の頻度で計画する,本調査(第1次)のボーリング調査の深さは支持層となる地盤まで一般に計画堤防高の3倍程度までとしている,透水性地盤調査の本調査(第2次)のボーリングの深さは基礎地盤の上面から最低限5m以上連続した不透水層までまたは15mまでとする,液状化が想定される地盤の判定のためのボーリング調査(第2次)の深度は地震時に液状化が想定される層下端の深さまでとし軟弱層が厚い場合には地盤種別の判定ができる深さ25m程度までを目安とする,D,液状化判定調査の深度は20m程度が目安,河川砂防技術基準,標準
36,土質及び基礎,2015,グラウンドアンカー工設計上の留意点に関する記述として、誤っているものはどれか。,アンカーを仮設構造物以外の一般的な構造物や地すべり等の抑止工に用いる場合にはアンカーは確実な防食を原則とする,アンカー頭部の受圧構造物はアンカー緊張力が大きな場合に沈下のおそれが生じないような構造と規模を確保する必要がある,アンカー緊張力は時間の経過とともに減少する場合があり永久構造物として用いる場合には再緊張可能なアンカー頭部の構造としてアンカー長に応じた余長を確保する,アンカーの品質保証試験はアンカー全本数の5%以上かつ3本以上に対して多サイクル確認試験をまた残りの全本数に対して1サイクル確認試験を行う,D,品質保証試験は全本数の10%以上かつ3本以上に多サイクル確認試験を実施,道路土工切土工・斜面安定工指針,標準
37,土質及び基礎,2015,盛土の圧縮沈下に関する記述の空欄に入る組み合わせとして、正しいものはどれか。盛土完成後の圧縮量は粘性土盛土で[1]%砂質土盛土で[2]%程度が目安である。,1=0.3~1.5 2=0.4~2.0 3=少ない,1=0.3~1.5 2=0.1~0.5 3=多い,1=0.2~1.0 2=0.4~2.0 3=少ない,1=0.2~1.0 2=0.1~0.5 3=多い,B,粘性土盛土で0.3~1.5%砂質土盛土で0.1~0.5%が目安,道路土工盛土工指針,標準
38,土質及び基礎,2015,盛土工指針の応急対策工の検討にあたって留意すべき主な事項の記述として、誤っているものはどれか。,二次災害の発生のおそれや作業の安全性を確認するなど二次災害防止を第一に考慮する,盛土とその周辺の現地状況交通の状況天候等を十分考慮する,交通を確保しながら応急対策工を施工できることが必要条件となる,迂回道路があるか否か確認するとともに必要に応じて交通崩壊の状況に応じた通行規制を検討する,C,応急対策では安全確保が最優先で交通確保は二次的な条件,道路土工盛土工指針,標準
39,土質及び基礎,2015,道路土工構造物技術基準の切土・斜面安定施設の設計に関する記述として、誤っているものはどれか。,切土のり面はのり面の侵食や崩壊を防止する構造となるよう設計する,切土は雨水や湧水等を速やかに排除する構造となるよう設計する,斜面安定施設については常時の作用として少なくとも死荷重の作用及び活荷重の作用を考慮するほかその設置目的に応じて斜面崩壊落石・岩盤崩壊地すべり又は土石流による影響を考慮する,斜面安定施設は雨水や湧水等を速やかに排除する構造となるよう設計する,C,斜面安定施設では活荷重は一般的に考慮しない,道路土工構造物技術基準,標準
40,土質及び基礎,2015,現地発生土の有効利用の基本的な考え方の記述として、誤っているものはどれか。,安定や沈下等が問題となる材料は障害が生じにくいのり面表層部・緑地等へ使用する,高含水比の材料はなるべく薄く敷き均した後十分な放置期間をとりばっ気乾燥を行い使用するか処理材を混合調整し使用する,有用な表土は可能な限り仮置を行い盛土本体(コア)として有効利用する,岩塊や礫質土は排水処理と安定性向上のためのり尻への使用を図る,C,有用な表土は盛土本体ではなく表層の緑化等に利用,道路土工盛土工指針,標準
41,土質及び基礎,2015,軟弱な粘性土に関する記述として、正しいものはどれか。,正規圧密粘土の強度増加率は自然状態の非排水せん断強さと受けている有効土被り圧の比で表される,正規圧密粘土は一般に正のダイレタンシーを有する,一般的な粘性土の強度増加率mはm=3~4である,一軸圧縮試験において試料の乱れにより強度が低下した供試体は破壊ひずみが小さくなる傾向がある,A,強度増加率は非排水せん断強さと有効土被り圧の比,軟弱地盤対策工指針,標準
42,土質及び基礎,2015,軟弱地盤対策工に関する記述として、正しいものはどれか。,サンドマット工法は主に施工機械のトラフィカビリティーを確保するために用いられる対策でありその厚さは一般的に50cm程度である,地下水位低下工法は砂質土の透水係数が10^-3~10^-6 m/secのオーダーを有する場合に効果的である,ウェルレジスタンス係数はドレーンの長さとドレーン径の比である,サンドコンパクションパイル工法は砂質土地盤を振動により締固めるものであり粘性土地盤には適用できない,A,サンドマットは主にトラフィカビリティー確保のため厚さ50cm程度,軟弱地盤対策工指針,標準
43,土質及び基礎,2015,圧密沈下量の算定式の空欄に当てはまるものとして正しいものはどれか。S=[A]/(1+e0)・log(P0+ΔP)/P0・H,A:体積圧縮係数 B:圧密係数,A:圧密係数 B:圧縮指数,A:初期の鉛直有効応力 B:体積圧縮係数,A:圧縮指数 B:初期の鉛直有効応力,D,圧密沈下量算定にはCc(圧縮指数)を用いる,土質力学,標準
44,土質及び基礎,2015,道路面の維持修繕要否判断の目標値における段差の値として正しいものはどれか。自動車専用道路[A]交通量の多い一般道路[B]交通量の少ない一般道路[C],A:10 B:20 C:30,A:10 B:20 C:40,A:20 B:30 C:40,A:20 B:40 C:60,B,段差の目標値は自専道10mm一般道路(多)20mm一般道路(少)40mm,軟弱地盤対策工指針,標準
45,土質及び基礎,2015,ヒービングの検討に用いる安定数Nbに関する記述として、誤っているものはどれか。,安定数Nbの算定式はNb=γt・H/cである,検討に用いる粘着力cは掘削底面と土留め壁の根入れ先端部の平均値とする,安定数Nbが3.14未満ではヒービングに対する検討は省略してよい,安定数Nbが5.14以上の場合は底部破壊が生じるとされている,C,安定数Nb≧5.14でヒービングの検討が必要,道路土工仮設構造物工指針,標準
46,土質及び基礎,2015,土留め工の掘削底面の安定に関する記述として、誤っているものはどれか。,盤ぶくれは掘削底面下に粘性土(難透水層)がありその直下に被圧帯水層が存在する場合に検討する,ヒービングは沖積粘性土のような含水比の高い粘性土が厚く堆積する地盤で発生する危険性が増大する,パイピングはボイリング盤ぶくれと同じ地盤で杭の引抜き跡など水みちができやすい場合に発生する可能性がある,ボイリングは透水性が小さく地下水位が高い地盤で発生する可能性がある,D,ボイリングは透水性が大きく地下水位が高い地盤で発生,道路土工仮設構造物工指針,標準
47,土質及び基礎,2015,掘削工事の計画に関する記述として、誤っているものはどれか。,一般的な仮設構造物であれば地震時の検討は行なわなくてよい,平面位置の計画にあたり特に土留め壁を本体利用する場合は施工時の土留め壁の変形量と地盤の塑性域を考慮して内空を確保するようにしなければならない,軟弱地盤で且つ大深度工事の場合は計測管理(情報化施工)を実施するのがよい,若干不経済となっても掘削平面形状は平行四辺形や多角形にすることを避け矩形形状とするのがよい,A,重要な仮設構造物では地震時の検討も必要,道路土工仮設構造物工指針,標準
48,土質及び基礎,2015,自立式土留めに関する記述として、正しいものはどれか。,土留め壁頭部の許容変位量は掘削深さの5%を目安とする,指針に示された設計手法を用いた場合適用範囲は軟弱地盤で概ね3m以浅である,根入れ長の算定方法は受働土圧によるモーメントと主働土圧によるモーメントのつり合いを基本としている,粘性土地盤の主働土圧の下限値は0.5γh(γ:土の単位体積重量h:着目点までの掘削深さ)である,C,自立式土留めは主働土圧と受働土圧のモーメントつり合いで設計,道路土工仮設構造物工指針,標準
49,土質及び基礎,2015,擁壁工指針の維持管理に関する記述として、誤っているものはどれか。,擁壁の設計資料工事記録点検記録や補修履歴は利用しやすいようにできるだけ簡潔に記録し保存する,記録は所定の様式を定め取りまとめておく,擁壁の点検には防災点検日常点検定期点検異常時点検がある,防災点検は道路災害のおそれがある箇所についてその箇所の把握と対策事業計画の策定を目的として行われてきた,A,記録は簡潔ではなく詳細かつ正確に記録保存する,道路土工擁壁工指針,標準
50,土質及び基礎,2015,土圧に関する記述として、誤っているものはどれか。,クーロン土圧は壁面の傾きや壁面摩擦角も任意に選ぶことができる,ランキン土圧は地表面が水平で且つ摩擦のある壁面に直接作用する場合に用いることはできない,試行くさび法はクーロン土圧を図解によって算定する方法の一つである,クーロン土圧は地盤が横方向に一様に広げられてゆき地盤全体が土の破壊に到達した状態の土中の応力から土圧を計算している,D,クーロン土圧は土のくさびの破壊を仮定した土圧理論,土質力学,標準
51,土質及び基礎,2015,グラウンドアンカーの機能と対策のイメージに関する空欄の組み合わせとして正しいものはどれか。,ア:更新 イ:補修・補強 ウ:耐久性向上,ア:更新 イ:補強 ウ:補修,ア:補強 イ:更新 ウ:耐久性向上,ア:更新 イ:補修 ウ:補修・耐久性向上,A,性能低下に対する対策順序は補修・補強→更新→耐久性向上,グラウンドアンカー設計・施工基準,標準
52,土質及び基礎,2015,軟弱粘性土地盤に橋台を設置する場合の設計・施工に関する記述として、最も適切でないものはどれか。,圧密沈下の発生が予想されたので杭はその影響を考慮し突出杭として設計した,側方移動のおそれがあったので上部工荷重の軽減を行った,橋台の施工に先立ち盛土を先行施工した,橋台背面の盛土荷重を軽減する工法の採用は基礎の剛性を減少させることからかえって大きな側方移動が生じることもある,D,盛土荷重軽減は側方移動を減少させる効果がある,道路橋示方書IV下部構造編,標準
53,土質及び基礎,2015,設計図等に記載すべき事項のうち設計で考慮した維持管理に関する項目として、誤っているものはどれか。,基礎の施工法に関する記載,地震による液状化・流動化に関する記載,長期の圧密沈下や側方移動に関する記載,洗掘に関する記載,A,基礎の施工法は維持管理ではなく施工に関する事項,道路橋示方書IV下部構造編,標準
54,土質及び基礎,2015,地中連続壁基礎を採用する場合の設計・施工条件として、最も適用性が低いものはどれか。,地下水の流速が5m/minの滞水層が存在する,中間層に礫径5~10cm程度の砂礫層が存在する,周辺に近接構造物があり施工による影響を極力排除する必要がある,支持層の深さが50m程度である,A,地下水流速5m/minは地中連続壁施工には不適,道路橋示方書IV下部構造編,標準
55,土質及び基礎,2015,構造物基礎に関する記述として、誤っているものはどれか。,ケーソン基礎の許容鉛直支持力は偏心傾斜の影響を考慮して求めなければならない,直接基礎の場合鉛直荷重は基礎底面地盤の鉛直地盤反力のみで抵抗させなければいけない,地盤が軟弱で基礎に生じる水平変位が大きくなるような条件では斜杭を用いることにより合理的な構造となる可能性がある,地中連続壁基礎に関しては一般に根入れ深さが大きくまた水平変位の照査も行うことから転倒に至るような著しい傾斜は起こらないと考えてよい,B,直接基礎では鉛直荷重を基礎底面と側面の地盤反力で支持,道路橋示方書IV下部構造編,標準
56,土質及び基礎,2015,基礎の設計に関する記述文の空欄に当てはまる値として正しいものはどれか。基礎は1/βLe<[ア]までを有限長の弾性体としてまた[イ]≦1/βLeを半無限長の弾性体として取り扱う,ア:2 イ:3,ア:3 イ:5,ア:5 イ:0,ア:0 イ:2,A,基礎の弾性体としての取扱いは1/βLe<2で有限長βLe≧2で半無限長,道路橋示方書IV下部構造編,やや難
57,土質及び基礎,2015,直接基礎の極限鉛直支持力を静力学公式にて算出する際、用いないものはどれか。,地盤の粘着力,基礎幅,基礎の有効根入れ深さ,基礎地盤の間隙比,D,極限支持力算定に間隙比は直接用いない,道路橋示方書IV下部構造編,標準
58,土質及び基礎,2015,地盤の液状化に関する記述として、誤っているものはどれか。,液状化の評価を行う際には一定の拘束圧相当に換算したN値を用いる,液状化は地盤の密度が大きくなるほど発生しやすい,旧河道埋立地などの飽和したゆるい砂質地盤では特に液状化が生じやすい,動的せん断強度は地表面からの深さが大きくなれば増大する,B,液状化は地盤密度が小さい(ゆるい)ほど発生しやすい,道路橋示方書V耐震設計編,標準
59,土質及び基礎,2015,耐震設計上の基盤面とみなしてよいせん断弾性波速度Vsとして正しいものはどれか。,Vs=300m/s程度以上,Vs=350m/s程度以上,Vs=400m/s程度以上,Vs=500m/s程度以上,C,耐震設計上の基盤面はVs=400m/s程度以上,道路橋示方書V耐震設計編,標準
60,土質及び基礎,2015,液状化対策工法とその効果の組合せとして、正しいものはどれか。,サンドコンパクションパイル工法・・・粒度の改良,高圧噴射撹拌工法・・・せん断変形の抑制,間隙水圧消散工法・・・飽和度の低下,石灰パイル工法・・・有効応力の増大,B,高圧噴射撹拌工法は地盤を固化してせん断変形を抑制,液状化対策工法,標準
61,鋼構造及びコンクリート,2015,道路橋示方書の基本理念及び設計の手法に関する記述として、誤っているものはどれか。,現行の道路橋示方書の設計手法は性能規定型の規定方法が採用されている,改訂以前に用いられていた仕様規定型の設計手法は現行の道路橋示方書では採用されていない,耐久性の目標期間として一定の知見が得られているものについては過去の実績より100年を目安に設定した,要求する事項を満たす事が検証されるならば規定される内容に厳密に従わない方法による設計も採用できる,B,現行でも仕様規定型の設計手法は併用されている,道路橋示方書,標準
62,鋼構造及びコンクリート,2015,鋼道路橋の設計計算の精度に関する記述として、誤っているものはどれか。,設計計算は最終段階で有効数字3桁が得られるように行う,コンクリートの許容応力度や安全率等のように有効数字が2桁以下で示されている許容値に対しても最終段階の有効数字の桁数は3桁を確保するのがよい,計算途中の有効数字の桁数は定められていない,設計計算にあたっては荷重状態に応じた部材の材料特性構造の幾何学的特性支持条件等を適切に評価出来る解析理論及び解析モデルを用いらなければならない,B,許容値の有効数字に応じた桁数とするのが適切,道路橋示方書,標準
63,鋼構造及びコンクリート,2015,道路橋示方書で規定している風荷重に関する記述として、誤っているものはどれか。,標準的な風荷重の設定にあたっては40m/sを設計基準風速としている,鋼桁の抗力係数は橋の総高に対する橋の総幅の比が増加すると抗力係数は小さくなる,ガスト応答係数とは風速変動の影響を補正するものであり風の乱れ強さは高度が高いほど大きい,上部工に作用する風荷重は橋軸に直角に作用する水平荷重とし設計部材に最も不利な応力を生ずるように載荷する,C,風の乱れ強さは高度が高いほど小さくなる,道路橋示方書,標準
64,鋼構造及びコンクリート,2015,鋳鍛造品の材質表記例として、鋳鋼品を示すものはどれか。,SF490A,SC450,S35CN,FC250,B,SCは鋳鋼品(Steel Casting)の記号,JIS規格,標準
65,鋼構造及びコンクリート,2015,鋼材に関する記述として、誤っているものはどれか。,鋼材を溶接する場合一般に鋼材の合金元素量が少ないほどまた板厚が厚いほど溶接割れが生じやすい,鋼材の溶接割れを防ぐ方法として一般的に予熱が必要となる,一般的な鋼材の溶接熱影響部は溶接入熱量が大きいほどじん性が低下する傾向がある,橋梁用高降伏点鋼板(SBHS)は溶接予熱の省略や低減が可能な鋼材である,A,合金元素量が多いほど板厚が厚いほど溶接割れが生じやすい,鋼構造設計規準,標準
66,鋼構造及びコンクリート,2015,鋼道路橋設計における圧縮応力を受ける板及び補剛板に関する記述として、誤っているものはどれか。,圧縮応力を受ける両縁支持板の最小板厚の規定は使用鋼材の板厚板の固定縁間距離及び応力勾配によって決定される,架設時のみに一時的に圧縮応力を受ける両縁支持板の最小板厚の規定は不経済な設計とならないよう別途定めている,圧縮応力を受ける自由突出板の板厚は自由突出幅の1/16以上とする,圧縮応力を受ける両縁支持板の板厚および局部座屈に対する許容応力度の規定は鋼桁の腹板には適用しない,C,自由突出板の板厚は自由突出幅の1/12以上,道路橋示方書,標準
67,鋼構造及びコンクリート,2015,鋼道路橋の疲労設計に関する記述として、誤っているものはどれか。,疲労設計にあたっては原則として疲労強度が著しく低い継手および溶接部の品質確保が難しい構造を避けなければならない,応力による疲労耐久性の照査にあたっては大型の自動車の繰返載荷の影響を適切に評価しなければならない,疲労設計に用いる自動車荷重は一般的に道路橋示方書に規定するL荷重を用いる,応力範囲の算出の方法として一般的にレインフロー法が用いられる,C,疲労設計には疲労荷重を用いる,道路橋示方書,標準
68,鋼構造及びコンクリート,2015,鋼橋製作の加工に関する記述として、誤っているものはどれか。,主要部材の板取りは主たる応力の方向と圧延方向を一致させるのを原則とする,けがきをする際は完成後も残る場所には原則としてタガネポンチきずを付けてはならない,主要部材の切断は原則として自動ガス切断法プラズマアーク切断法又はせん断法により行う,孔あけのボルト孔の径は摩擦接合引張接合と支圧接合では異なる,D,ボルト孔径は接合方法によらず同じ,道路橋示方書,標準
69,鋼構造及びコンクリート,2015,鋼橋の架設に関する記述として、誤っているものはどれか。,曲げモーメントを主として受ける部材のフランジ部と腹板部とで溶接と高力ボルト摩擦接合を併用する場合には高力ボルトの締め付け後に溶接を行うのを原則とする,部材の仮置きでは部材が地面に接することのないようにしなければならない,部材の組立に使用する仮締めボルトとドリフトピンの数は架設工法によって異なる,部材の組立に使用するドリフトピンの本数は仮締めボルトとドリフトピンの合計の1/3以上とする,D,ドリフトピンは合計の1/3以下,道路橋示方書,標準
70,鋼構造及びコンクリート,2015,鋼道路橋の鋼床版の設計に関する記述として、誤っているものはどれか。,鋼床版が主桁の一部として作用している場合には主桁の一部としての作用と床版及び床組としての作用に対してそれぞれ安全でなければならない,床版及び床組としての作用に対しては鋼床版を版格子構造又は直交異方性版と考えて設計を行う,鋼床版の縦リブの衝撃係数は一律0.4とする,車道部に主桁又は縦桁が配置される場合には舗装のひび割れを抑制するために輪荷重の常時走行位置が腹板位置と一致するように配置する,C,鋼床版の縦リブの衝撃係数は0.3,道路橋示方書,標準
71,鋼構造及びコンクリート,2015,鋼橋の連結の設計に関する記述として、誤っているものはどれか。,主要部材の連結の設計は作用力に対して行うほか原則として曲げモーメント及びせん断力に対し母材の全強の75%以上の強度を持つようにする,高力ボルトを用いた接合で母材の全強の75%以上で設計するとボルトが多列化して配列が不可能になる場合には連結方法を現場溶接に変更する方法がある,応力に垂直なすみ肉溶接と高力ボルト摩擦接合とは併用してはならない,溶接と高力ボルト支圧接合とは併用してはならない,C,応力に垂直なすみ肉溶接と高力ボルト摩擦接合は併用可能,道路橋示方書,標準
72,鋼構造及びコンクリート,2015,平成26年度道路の維持修繕に関する省令・告示に関する記述として、誤っているものはどれか。,橋梁の点検は必要な知識及び技能を有する者が行うこととする,橋梁点検は5年に1回の頻度で行うことを基本とする,橋梁点検の方法は橋梁の重要度等を勘案し近接目視遠望目視その他の方法により行う,橋梁点検の後は健全性の診断を行いその結果をI:健全II:予防保全段階III:早期措置段階IV:緊急措置段階の区分に分類する,C,橋梁点検は近接目視を基本とする,道路法施行規則,標準
73,鋼構造及びコンクリート,2015,公共工事に関する調査及び設計等の品質確保に資する技術者登録規程のなかの橋梁の点検・診断の資格制度に関する記述として、誤っているものはどれか。,技術者登録規程の対象は民間事業者等が付与する技術者資格である,橋梁の登録規程が対象とする施設分野は鋼橋とコンクリート橋に分けられている,橋梁の業務としては点検と診断に分けられている,橋梁の知識・技術を求める技術者は管理技術者と担当技術者である,B,施設分野は鋼橋とコンクリート橋を統合した橋梁として扱う,技術者登録規程,標準
74,鋼構造及びコンクリート,2015,鋼橋の損傷に関する記述として、誤っているものはどれか。,塗膜損傷の要因である飛来塩分量は海岸線に近い橋梁だけでなく凍結防止剤の散布の影響も大きい,橋梁部位の塗膜劣化の特徴としてプレートガーター橋の場合桁内面より桁外面の塗膜劣化が激しい,ソールプレート前面は支承機能の低下に起因する疲労亀裂の発生事例が多い,疲労損傷の多い橋梁としては昭和31年または39年の道路橋示方書で設計された溶接橋が挙げられる,B,プレートガーター橋では桁外面より桁内面の塗膜劣化が激しい,鋼橋の維持管理,標準
75,鋼構造及びコンクリート,2015,鋼橋の腐食損傷部材の補修・補強に関する記述として、誤っているものはどれか。,腐食部分の応力的改善策を行う補修・補強方法としては当て板補修と部材取替えがある,腐食部への部材取付けは高力ボルトを基本に考える,腐食した部分に凹凸があり所定の摩擦係数が確保出来ない場合には現場溶接を用いるものとする,腐食部への溶接を行う場合には竣工年次の調査や必要に応じて鋼材の成分分析を行う必要がある,C,摩擦係数が確保できない場合は面処理を行うか支圧接合を検討,鋼橋の維持管理,標準
76,鋼構造及びコンクリート,2015,コンクリートの配合設計における基本事項として、正しいものはどれか。,単位水量は細骨材率が小さいほど減少する傾向にあり単位セメント量の低減も図れるので細骨材率はできるだけ小さくするのがよい,スランプは施工性を考慮し品質を損なわない範囲でできるだけ大きくするのがよい,空気量を多くすれば強度低下の原因となるので耐凍結融解性を向上させる目的で多くする場合には十分な注意が必要である,水セメント比は強度耐久性及び水密性等から定められこれらのうちの最大値を選択するのが一般的である,C,空気量増加は強度低下を招くため耐凍結融解性との兼ね合いが重要,コンクリート標準示方書,標準
77,鋼構造及びコンクリート,2015,塩害によるコンクリート内部の鉄筋の腐食に関する記述として、誤っているものはどれか。,塩害では鋼材表面の不動態皮膜が塩化物イオンにより破壊されることで腐食が開始する,鉄筋の腐食による体積膨張は約2~4倍であるといわれている,マクロセル腐食ではアノード反応とカソード反応が同じ場所で生じる,鉄筋の腐食速度は海上大気中よりも海中部の方が小さい,C,マクロセル腐食ではアノードとカソードが離れた場所で生じる,コンクリート標準示方書,標準
78,鋼構造及びコンクリート,2015,プレストレッシング直後のプレストレス力について考慮する影響として、誤っているものはどれか。,コンクリートの弾性変形,PC鋼材とシースの摩擦,定着具におけるセット,コンクリートのクリープおよび乾燥収縮,D,クリープと乾燥収縮は長期的な影響でプレストレッシング直後には考慮しない,コンクリート標準示方書,標準
79,鋼構造及びコンクリート,2015,コンクリート連続桁橋の構造解析として、誤っているものはどれか。,連続桁橋は施工方法によって施工段階ごとの構造系が変化するがその影響は一般に微小であるため斜張橋等特殊な場合以外はこれを無視して解析してよい,連続桁橋はプレストレス力温度の影響クリープ乾燥収縮支点移動による不静定力を考慮して設計する,複数の固定支承を有する連続桁橋は橋脚を含めた構造モデルにより解析する,連続桁橋の中間支点上の設計曲げモーメントは支承幅桁の高さ横桁等の影響を考慮する,A,連続桁橋では施工段階の影響を適切に考慮する必要がある,道路橋示方書,標準
80,鋼構造及びコンクリート,2015,コンクリート構造物におけるすぎる有害なひび割れの発生を制御するため設計段階で考慮すべき事項に関する記述として、誤っているものはどれか。,常時作用する荷重に対して鉄筋に生じる応力を小さくする,コンクリートの収縮や温度応力に起因するひび割れはできるだけ発生させないように配慮する,適切な伸縮目地を設置する,鉄筋径を大きくして配置間隔をできるだけ大きくする,D,ひび割れ制御には鉄筋径を小さく配置間隔を密にする,コンクリート標準示方書,標準
81,鋼構造及びコンクリート,2015,コンクリート橋のラーメン構造の設計に関する記述として、誤っているものはどれか。,ラーメン橋の解析はプレストレス力温度の影響クリープ乾燥収縮支点移動による不静定力及び地震の影響を考慮する,断面力を算出する場合のラーメン軸線はコンクリート全断面を有効とした部材断面図心に一致させることを原則とする,断面力の算出にあたってはその影響が一般に微小であることから部材断面の曲げ剛性の変化及び隅角部の影響は考慮しなくてもよい,土圧が作用するラーメン橋は全設計土圧が作用する場合及び全設計土圧の1/2が作用する場合のうち不利となる断面力に対して設計する,B,ラーメン軸線は鉄筋コンクリート断面の図心に一致させる,道路橋示方書,標準
82,鋼構造及びコンクリート,2015,PC構造物の劣化の原因となるPC鋼材の腐食防止対策として、誤っているものはどれか。,低ブリーディング型グラウトの採用,ポリエチレン等のプラスティック製シースの採用,エポキシ樹脂等による被覆鋼材の採用,橋面防水コンクリート塗装の採用,A,低ブリーディング型ではなく無収縮型グラウトが腐食防止に有効,道路橋示方書,標準
83,鋼構造及びコンクリート,2015,コンクリート構造に関する設計の基本に関する記述として、誤っているものはどれか。,設計では構造物の要求性能を設定しその要求性能を満たすように構造物の構造計画構造詳細の設定を行い設計耐用期間を通じて要求性能が満足されていることを照査する,設計では施工中及び設計耐用期間内において構造物の使用目的に適合するために要求される全ての性能を設定する必要がある,構造計画では要求性能を満たすように構造特性材料施工方法経済性等を考慮して構造形式等の設定を行うが維持管理手法については行わなくてもよい,構造詳細の設定では構造計画で設定された構造形式に対して準拠する規準に定められた構造細目に従って形状・寸法・配筋等の構造詳細を設定することとする,C,構造計画では維持管理手法も含めて検討する,コンクリート標準示方書,標準
84,鋼構造及びコンクリート,2015,コンクリート構造物の検査に関する記述として、誤っているものはどれか。,検査は施工の各段階および完成時に構造物の施工者の責任において実施しなければならない,構造物の発注者は構造物の重要度用途・目的を考慮し設計図書に基づいて検査計画を立案しなければならない,検査は検査計画に従い信頼性が保証された方法によって行わなければならない,検査結果が「否」と判定された場合には対策措置を検討しなければならず適切な対策措置を講ずることができない場合は「否」と判定された施工の段階をやり直さなければならない,A,検査は発注者の責任において実施,コンクリート標準示方書,標準
85,鋼構造及びコンクリート,2015,コンクリート締固め養生として、誤っているものはどれか。,内部振動機の挿入間隔は50cm以下が標準である,層打ちする場合内部振動機は下層コンクリートへ20cm程度挿入する,コンクリートの硬化中は有害な振動衝撃等の影響を受けないように養生する,養生方法は湿潤養生を原則とする,A,内部振動機の挿入間隔は60cm以下が標準,コンクリート標準示方書,標準
86,鋼構造及びコンクリート,2015,場所打ち杭の鉄筋かごの製作及び建込みに関する記述として、誤っているものはどれか。,鉄筋の加工及び組立ては鉄筋かごが必要な精度を確保し堅固となるように行わなければならないためその形状保持のために溶接を行うのがよい,鉄筋かごの建込み中は鉛直度と位置を正確に保ち孔壁に接触して土砂の崩壊を生じさせないよう施工しなければならない,鉄筋かごの建込み中及び建込み後にねじれ曲り座屈脱落等により鉄筋かごが変形しないように施工しなければならない,所要のかぶりが確保できるように鉄筋かごには適切な強度を有するスペーサーを配置しなければならない,A,鉄筋かごの形状保持には結束線を用い溶接は避ける,道路橋示方書,標準
87,鋼構造及びコンクリート,2015,道路橋における耐震性能の照査に関する記述として、誤っているものはどれか。,耐震設計上の地盤面より下方の構造部分には慣性力地震時土圧及び地震時動水圧を作用させなくてもよい,橋脚が設計震度に対して十分大きな地震時保有水平耐力を有している場合また液状化の影響がある場合等のやむを得ない場合でも橋脚基礎に塑性化が生じることを考慮してはならない,時刻歴応答解析法を用いた動的照査を行う場合に入力する地震動は3波形程度を用いるものとしその結果求められる応答値の平均値を照査するのがよい,動的照査法における鉄筋コンクリート部材のモデル化はコンクリートのひびわれ軸方向鉄筋の降伏等の影響を適切に考慮した剛性低下型モデルとするのが望ましい,B,やむを得ない場合は橋脚基礎の塑性化も考慮する場合がある,道路橋示方書V耐震設計編,標準
88,鋼構造及びコンクリート,2015,コンクリート上部工のレベル2地震動に対する照査は主桁に生じる最大応答曲率が応急修復が不要とみなせる許容曲率以下であることを確認することにより行う。この許容曲率として誤っているものはどれか。,橋軸方向において引張縁側に緊張したPC鋼材を配置している場合はPC鋼材が弾性限界に達する曲率,橋軸方向において引張縁側に緊張したPC鋼材を配置していない場合は最外縁鉄筋が降伏点に達する曲率,橋軸方向において引張縁側に緊張したPC鋼材を配置していない場合で主荷重及び主荷重に相当する特殊荷重作用時の圧縮縁応力度が2N/mm2以上の場合は最外縁鉄筋の引張ひずみが0.005に達する曲率,橋軸直角方向においてウェブ最外縁鉄筋が降伏またはPC鋼材が弾性限界に達する曲率のいずれか大きい方,D,橋軸直角方向ではいずれか小さい方の曲率を用いる,道路橋示方書V耐震設計編,やや難
89,鋼構造及びコンクリート,2015,コンクリートのひび割れパターンとして後打ちされた竪壁コンクリートの温度応力により生じるものはどれか。,先打ち部から竪壁に向かって垂直方向のひび割れ,竪壁の水平方向のひび割れ,先打ち部の斜め方向のひび割れ,竪壁の垂直方向のひび割れ,B,後打ち竪壁では収縮により水平方向のひび割れが生じやすい,コンクリート標準示方書,標準
90,鋼構造及びコンクリート,2015,点検に関する記述として、誤っているものはどれか。,初期点検は維持管理開始時点での構造物の性能に関する初期状態を把握することを目的として実施する,日常点検は巡回で点検が可能な範囲について劣化損傷の有無や程度の把握を目的として実施する,定期点検は日常点検では把握できないような構造物全体の劣化損傷の有無やその程度をより詳細に把握することを目的として実施する,緊急点検は災害や事故により変状の生じたあるいはその可能性のある構造物や部位・部材等を対象とし点検者の安全を確保した上で速やかに実施する,B,日常点検では劣化損傷の概略把握を目的とする,コンクリート標準示方書,標準
91,農業土木,2015,平成26年度農業白書に示されている我が国の食料自給率(供給熱量ベース)に関し平成25年度時点と平成37年度に目標とする総合食料自給率の組み合わせとして正しいものはどれか。,平成25年度39% 平成37年度50%,平成25年度42% 平成37年度48%,平成25年度39% 平成37年度45%,平成25年度42% 平成37年度52%,C,食料自給率は平成25年度39%から平成37年度45%を目標,農業白書,標準
92,農業土木,2015,農業生産基盤整備及び保全とそれに対応する農業農村整備事業の組合せとして誤っているものはどれか。,農地の整備-畑地帯総合整備事業,施設の維持管理-経営体育成基盤整備事業,用排水施設の整備-かんがい排水事業,農地の防災保全-総合農地防災事業,B,施設の維持管理はストックマネジメント事業等が対応,農業農村整備事業,標準
93,農業土木,2015,土地改良事業の費用対効果の分析における農村の振興に関する効果について誤っているものはどれか。,作物生産効果,地域用水効果,一般交通等経費節減効果,国土造成効果,A,作物生産効果は農業生産に関する効果で農村振興効果ではない,土地改良事業計画設計基準,標準
94,農業土木,2015,水田の計画用水量の決定に関して空欄に当てはまる語句の組み合わせとして正しいものはどれか。計画用水量は(ア)と栽培管理用水量の和である(イ)施設管理用水量(ウ)地区内利用可能量等から構成される。,(ア)ほ場単位用水量(イ)蒸発散浸透量(ウ)有効雨量,(ア)ほ場単位用水量(イ)有効雨量(ウ)蒸発散浸透量,(ア)純用水量(イ)粗用水量(ウ)減水深,(ア)蒸発散浸透量(イ)ほ場単位用水量(ウ)有効雨量,C,計画用水量は純用水量と栽培管理用水量の和である粗用水量等から構成,土地改良事業計画設計基準,標準
95,農業土木,2015,畑地かんがいにおける水利システムの施設構成についてブロック面積の大きさの組み合わせとして正しいものはどれか。,かんがいブロック>ローテーションブロック>散布ブロック,ローテーションブロック>散布ブロック>かんがいブロック,かんがいブロック>散布ブロック>ローテーションブロック,散布ブロック>かんがいブロック>ローテーションブロック,A,面積はかんがいブロックが最大でローテーション散布の順,土地改良事業計画設計基準,標準
96,農業土木,2015,大区画水田の整備をする際にその対象農地が具備すべき要件として誤っているものはどれか。,経営規模拡大の可能性が高いこと,ほ場の排水性が良好なこと,地形に緩やかな勾配が確保できること,栽培技術の蓄積・水準が高いこと,B,大区画水田では排水性より湛水機能が重要,土地改良事業計画設計基準,標準
97,農業土木,2015,水路の路線選定について空欄に当てはまる語句の組み合わせとして正しいものはどれか。水路の路線は用排水計画に基づいて定められている(ア)と設計水位を確保し想定される水路形式に適応出来るよう選定する。,(ア)許容流速(イ)機能(ウ)耐久性,(ア)設計流量(イ)性能(ウ)耐久性,(ア)許容流速(イ)勾配(ウ)安全性,(ア)設計流量(イ)機能(ウ)安全性,D,水路路線選定では設計流量と機能安全性を考慮,土地改良事業計画設計基準,標準
98,農業土木,2015,流出解析においてピーク流出量Q(m3/s)を算定する合理式の記号の説明及び単位の組み合わせとして正しいものはどれか。Q=・f・r・A/3.6,f:流出係数 r:降雨強度(mm/h) A:集水面積(km2),f:浸透係数 r:降雨強度(mm/h) A:集水面積(km2),f:流出係数 r:日雨量(mm/d) A:集水面積(ha),f:浸透係数 r:日雨量(mm/d) A:集水面積(ha),A,合理式のfは流出係数rは降雨強度Aは集水面積,土地改良事業計画設計基準,標準
99,農業土木,2015,各種事業計画あるいは施設計画に関し一般的に採用される計画基準降雨の組み合わせとして誤っているものはどれか。,かんがい排水事業排水計画 1/10確率降雨,湛水防除事業計画 1/20確率降雨,ほ場整備事業排水計画 1/30確率降雨,ダムの設計 1/200確率洪水流量,C,ほ場整備事業排水計画は1/10確率降雨,土地改良事業計画設計基準,標準
100,農業土木,2015,農用地の造成方式に関する説明として現況の複雑な地形の傾斜地を切盛土によって整形し全体として傾斜の緩いほ場面を造成する方式はどれか。,山成畑工,斜面畑工,改良山成畑工,階段畑工,C,改良山成畑工は複雑地形を整形して緩傾斜ほ場を造成,土地改良事業計画設計基準,標準
101,農業土木,2015,地すべり防止対策工法は抑制工と抑止工に分類されるが抑止工として正しいものはどれか。,集水井工,水抜きボーリング工,アンカー工,堰堤工,C,アンカー工は地すべりを物理的に抑止する工法,地すべり対策技術指針,標準
102,農業土木,2015,農業農村整備事業において環境との調和に配慮した設計を行う場合生物生息空間の形態・配置の6つの原則に関する記述として誤っているものはどれか。,団地化・・・同面積ならば分割された状態よりも一つの方がよい,方形化・・・生物空間の形態はできる限り細長い方がよい,集合化・・・分割する場合には分散させない方がよい,広大化・・・生物生息空間はなるべく広い方がよい,B,生物空間の形態は細長いより方形に近い方がよい,環境との調和に配慮した事業実施のための調査計画・設計の手引き,標準
103,農業土木,2015,農林水産省により農業用水(水稲)の水質基準として定められている項目と基準値の組合せとして誤っているものはどれか。,DO(溶存酸素)5ppm以上,pH(水素イオン濃度)7.5~9.0,COD(化学的酸素要求量)6ppm以下,T-N(全窒素濃度)1ppm以下,B,pHの基準値は6.0~7.5,農業用水基準,標準
104,農業土木,2015,農業水利施設の長寿命化を図るためのストックマネジメントのプロセスを示す組み合わせとして正しいものはどれか。,施設情報整理→機能診断評価→対策工事の実施→機能診断調査→計画の作成,施設情報整理→機能診断調査→機能診断評価→計画の作成→対策工事の実施,機能診断調査→機能診断評価→施設情報整理→計画の作成→対策工事の実施,機能診断調査→対策工事の実施→機能診断評価→計画の作成→施設情報整理,B,ストックマネジメントは施設情報整理→調査→評価→計画→実施の順,ストックマネジメント技術指針,標準
105,農業土木,2015,コンクリート構造物の劣化機構とその要因についての組合せについて誤っているものはどれか。,塩害-塩化物質,中性化-二酸化炭素,アルカリ骨材反応-反応性骨材,凍害-凍結融解作用,A,塩害の要因は塩化物イオン,コンクリート標準示方書,標準
106,農業土木,2015,ダムの利用目的による分類に関して空欄に当てはまる語句の組み合わせとして正しいものはどれか。農業用水などの用水補給を目的とした(ア)洪水調整を目的とした(イ)土砂の流出の防止調節を目的とした(ウ)に大別される。,(ア)治水ダム(イ)利水ダム(ウ)地下ダム,(ア)利水ダム(イ)治水ダム(ウ)砂防ダム,(ア)砂防ダム(イ)利水ダム(ウ)治水ダム,(ア)利水ダム(イ)砂防ダム(ウ)地下ダム,B,用水補給は利水ダム洪水調整は治水ダム土砂流出防止は砂防ダム,土地改良事業計画設計基準,標準
107,農業土木,2015,ダムや貯水池の総貯水容量に関する空欄に当てはまる語句の組み合わせとして正しいものはどれか。農業用水の利水容量は一般に(ア)に1回程度の渇水を対象とした累計不足量である。,(ア)10年(イ)100年(ウ)50年,(ア)20年(イ)50年(ウ)100年,(ア)20年(イ)100年(ウ)50年,(ア)10年(イ)50年(ウ)100年,D,農業用水は10年確率防災ダムは50年確率堆砂量は100年間を想定,土地改良事業計画設計基準,標準
108,農業土木,2015,水路工が備えるべき基本的な機能について次の説明に該当する機能として正しいものはどれか。水源からほ場または分水口まで適時適量の用水を無効放流することなく各分水口へ公平かつ均等に送配水する機能,水利用機能,水理機能,構造機能,環境保全機能,A,水利用機能は適時適量の用水を公平均等に送配水する機能,土地改良事業計画設計基準,標準
109,農業土木,2015,水路トンネルの最小施工断面について空欄に当てはまる語句の組み合わせとして正しいものはどれか。矢板工法の場合の最小幅は(ア)最小高さは(イ)程度必要である。,(ア)2.0m(イ)1.8m(ウ)5.4m,(ア)3.0m(イ)2.0m(ウ)2.7m,(ア)3.0m(イ)2.0m(ウ)5.4m,(ア)2.0m(イ)1.8m(ウ)2.7m,C,矢板工法では最小幅3.0m最小高さ2.0m NATM工法では直径5.4m程度,土地改良事業計画設計基準,標準
110,農業土木,2015,頭首工の可動堰のゲートが満たすべき基本的な条件として誤っているものはどれか。,閉時において貯水に必要な一定水位が確保できること,開時において流水の安全な流下機能が確保できること,予想される荷重に対して安全な構造であること,必要な水密性及び耐久性を有していること,A,開時ではなく閉時において流水の安全な流下機能が必要,土地改良事業計画設計基準,標準
111,農業土木,2015,農業用ポンプの渦巻ポンプについて空欄に当てはまる語句の組み合わせとして正しいものはどれか。渦巻ポンプ:羽根車の回転による(ア)によって水に(イ)を与え羽根車から流出する(イ)を(ウ)に変換して揚水する。,(ア)遠心力(イ)速度エネルギー(ウ)圧力エネルギー,(ア)推力(イ)速度エネルギー(ウ)圧力エネルギー,(ア)推力(イ)圧力エネルギー(ウ)速度エネルギー,(ア)遠心力(イ)圧力エネルギー(ウ)速度エネルギー,A,渦巻ポンプは遠心力で速度エネルギーを与え圧力エネルギーに変換,土地改良事業計画設計基準,標準
112,農業土木,2015,ストックマネジメントにおける機能保全対策工法についてコンクリート構造物の補強対策工法として誤っているものはどれか。,コンクリート増厚工法,接着工法,断面修復工法,全面打換え工法,C,断面修復工法は補修工法で補強工法ではない,ストックマネジメント技術指針,標準
113,農業土木,2015,ストックマネジメントにおける機能保全コストについて空欄に当てはまる語句として正しいものはどれか。機能保全コストの検討対象期間は国営土地改良事業や国庫補助事業として実施する事業計画を策定する場合には着工予定年から(ア)間とすることを原則とする。,(ア)40年(イ)4%,(ア)50年(イ)5%,(ア)40年(イ)5%,(ア)50年(イ)4%,D,機能保全コストは50年間社会的割引率は4%を適用,ストックマネジメント技術指針,標準
114,農業土木,2015,パイプラインの余裕水頭について空欄に当てはまる語句として正しいものはどれか。クローズドタイプの場合パイプラインの管頂と(ア)時の動水勾配線との余裕高は最小でも0.5m程度以上は確保することが望ましい。,(ア)計画最大流量(イ)計画最多頻度流量,(ア)最小流量(イ)計画最大流量,(ア)最小流量(イ)計画最多頻度流量,(ア)計画最大流量(イ)最小流量,C,クローズドタイプでは最小流量時オープンタイプでは計画最多頻度流量時,土地改良事業計画設計基準,標準
115,農業土木,2015,パイプラインの布設勾配として正しいものはどれか。,おおむね1/1000~1/800程度,おおむね1/800~1/500程度,おおむね1/500~1/300程度,おおむね1/300~1/100程度,C,パイプライン布設勾配は1/500~1/300程度,土地改良事業計画設計基準,標準
116,農業土木,2015,パイプラインの通気施設の配置として誤っているものはどれか。,配水槽あるいはスタンドの下流側に設ける,平坦な勾配から急に上り勾配になる地点に設ける,下り勾配の路線に設けられる制水弁の直下流に設ける,路線内の高位部に設ける,A,通気施設は配水槽等の上流側に設ける,土地改良事業計画設計基準,標準
117,農業土木,2015,農業用ため池の改修工法の説明として誤っているものはどれか。,均一型工法:現況堤体の土質とほぼ同質の土質材料で改修する工法,傾斜遮水ゾーン型工法:現況堤体の上流側に傾斜した遮水性ゾーンを設け遮水する工法,表面遮水壁型工法:上流側法面に遮水シートやアスファルト舗装を施工し遮水する工法,堤体グラウト工法:堤体の表面部にグラウト工を施工し遮水する工法,D,堤体グラウト工法は堤体内部にグラウトを施工,土地改良事業計画設計基準,標準
118,農業土木,2015,頭首工の基礎の支持層の選定と根入れ深さに関する記述として誤っているものはどれか。,直接基礎の支持層として粘性土層では圧密のおそれのない良質な層が必要とされる,粘性土層はN値が10程度以上あれば良質な支持層と考えてよい,砂層砂礫層はN値が30程度以上あれば良質な支持層と考えてよい,支持杭においては杭先端の支持層への根入れ深さは杭径程度以上確保するのがよい,B,粘性土層ではN値15程度以上が良質な支持層,土地改良事業計画設計基準,標準
119,農業土木,2015,アスファルト舗装の基幹的農道において横断勾配と最大縦断勾配(特例)の組合せとして正しいものはどれか。,横断勾配:1.5% 最大縦断勾配:12%,横断勾配:1.5% 最大縦断勾配:14%,横断勾配:2.0% 最大縦断勾配:16%,横断勾配:2.0% 最大縦断勾配:18%,C,基幹的農道では横断勾配2.0%最大縦断勾配16%(特例),農道設計指針,標準
120,農業土木,2015,粘性土の沈下量の推定に利用する土質試験として正しいものはどれか。,湿潤密度試験,含水比試験,粒度試験,圧密試験,D,粘性土の沈下量推定には圧密試験を用いる,土質試験,標準
121,施工計画、施工設備及び積算,2015,施工計画立案における各段階の検討にあたっての基本的考えの留意事項に関する記述として誤っているものはどれか。,土量の配分では原地形計画地盤高土取場・発生土受入地の位置を把握しマスカーブ等の方法により合理的な土量配分計画を作成する,工区の区分および施工順序の設定では土量の配分状態構造物の位置等を考慮して工区の区分を行い工区間並びに主要工種間の順序関係を検討する,施工法と建設機械の選定では各主要工種について施工法の検討を行い使用機械の選定を行う。施工法の検討の際は工事費の比較検討は必要でなく最終案について算出を行う,工程計画の検討では各主要工種について稼働日数の想定算出を行い各種の作業期間と施工順序を積み重ね全体工事が工期内に入るように調整して工程計画を設定する,C,施工法検討では複数案の工事費比較検討が必要,施工計画の基本,標準
122,施工計画、施工設備及び積算,2015,施工計画立案における各工区の施工を手順良く進めるための留意点に関する記述として誤っているものはどれか。,構造物掘削や切土によって発生する土砂に対して流用先(盛土埋戻し裏込め等)の工程は適切か,各工区個別もしくは共通する工事用設備の切替・盛替は適切か(できるだけ短く使用し切替・盛替を繰り返す),一つの工区における工程の遅延により他工区もしくは全体工程に大きな遅延が生じることのない計画となっているか,のり面工(夏期冬期は不適)切盛土工(雨期は不適)コンクリート打設工(冬期夏期は対策が必要)等の季節的な条件は考慮されているか,B,工事用設備はできるだけ長期間使用し切替・盛替を少なくするのが合理的,施工計画の基本,標準
123,施工計画、施工設備及び積算,2015,軟弱地盤対策工法に関する記述として誤っているものはどれか。,圧密・排水工法における盛土載荷重工法は構造物の建設前に軟弱地盤に荷重をあらかじめ載荷させておくことにより粘土層の圧密を進行させ残留沈下量の低減や地盤の強度増加を図る工法である,締固め工法におけるサンドコンパクションパイル工法は衝撃荷重あるいは振動荷重によって砂を地盤中に圧入し砂杭を造成することにより砂質土地盤では締め固めることで液状化の防止を図る工法である,固結工法における表層混合処理工法は軟弱地盤の表層部分の土とセメント系や石灰系等の添加材を撹拌混合することにより地盤のせん断力を増加し安定性増大変形抑制およびトラフィカビリティの確保を図る工法である,荷重軽減工法における軽量盛土工法は土に比べて軽量な材料で盛土を構築する工法である,B,サンドコンパクションパイル工法は粘性土地盤にも適用可能,軟弱地盤対策工法,標準
124,施工計画、施工設備及び積算,2015,土量の配分計画における土量の変化率LCに関する記述として誤っているものはどれか。,礫まじり土における礫質土 L;1.10~1.30 C;0.85~1.00,砂 L;1.10~1.20 C;0.85~0.95,普通土における砂質土 L;1.30~1.50 C;0.90~1.10,粘性土 L;1.20~1.45 C;0.85~0.95,C,普通土における砂質土のLは1.15~1.25程度,土量変化率,標準
125,施工計画、施工設備及び積算,2015,盛土の締固め規定に関する品質規定方式と工法規定方式に関する記述として誤っているものはどれか。,品質規定の密度に関する試験・測定方法のひとつに砂置換法がある掘り出し跡の穴を乾燥砂で置換することにより掘り出した土の体積を知る方法である,品質規定の含水量に関する試験・測定方法のひとつにRI法がある放射線(中性子)と土中の水素元素との錯乱・吸収を利用した間接測定非破壊測定法である,品質規定の強度・変形に関する試験・測定方法のひとつにプルーフローリングがあるタイヤローラ等の転圧車輪の沈下・変形量(目視)により締固め不良個所を知る方法である,工法規定に関する測定方法のひとつにトータルステーションやGNSSを用いた管理があるこれは転圧機械の稼働時間の記録をもとに管理する方法である,D,トータルステーション等は転圧回数や走行軌跡を管理する方法,盛土の品質管理,標準
126,施工計画、施工設備及び積算,2015,コンクリート構造物の維持管理の区分として予防維持管理と事後維持管理があるが予防維持管理に分類される構造物の特徴に関する記述として誤っているものはどれか。,劣化が顕在化した後では維持管理が困難なことから劣化を生じさせないもの,設計耐用期間が長いもの,劣化が外へ現れても困らないもの,第三者に対する安全性が特に重要となるもの,C,劣化が外へ現れても困らないものは事後維持管理の対象,コンクリート構造物の維持管理,標準
127,施工計画、施工設備及び積算,2015,コンクリート構造物の点検における非破壊検査機器を用いる方法に関する記述として誤っているものはどれか。,反発度に基づく方法はコンクリートの強度を推定するために用いる,電磁誘導を利用する方法は主にコンクリート中の鉄筋の位置径かぶりやコンクリートの含水状態の情報を得るために用いる,弾性波を利用する方法は主にコンクリートの圧縮強度弾性係数などの品質コンクリートのひび割れ深さコンクリート中の浮き剥離空隙の情報を得るために用いる,電気化学的方法は主にコンクリート中の鉄筋の腐食傾向コンクリート中の鉄筋の腐食速度シース内のグラウトの充てん状況の情報を得るために用いる,B,電磁誘導ではなく電磁波レーダー法が鉄筋位置等の調査に用いられる,非破壊検査技術,標準
128,施工計画、施工設備及び積算,2015,コンクリート構造物に適用されている主な補修補強工法に関する記述として誤っているものはどれか。,主な補修・補強工法は1耐久性の回復あるいは向上を目的とした補修工法と2力学的な性能の回復あるいは向上を目的とした補修・補強工法に分けられる,耐久性の回復あるいは向上を目的とした補修工法は1表面保護工法2電気化学的防食工法3接着工法がある,表面保護工法のひとつに断面修復工法がある,ひび割れ補修工法のひとつに注入工法がある,C,断面修復工法は表面保護工法ではなく断面修復・補強工法,コンクリート補修工法,標準
129,施工計画、施工設備及び積算,2015,鉄筋コンクリート床版の調査項目と調査方法に関する記述として誤っているものはどれか。,ひび割れの挙動(深さ開閉量段差量);超音波法等,設計断面諸量(コンクリート強度);テストハンマーコア試験,設計断面諸量(配筋);電磁波計測超音波法等,耐荷性能(たわみ量);載荷試験,C,配筋調査は電磁波法で超音波法は使用しない,コンクリート構造物の調査方法,標準
130,施工計画、施工設備及び積算,2015,レディーミクストコンクリートの受入れ検査に関する記述として誤っているものはどれか。,スランプ検査の頻度は1回/日または構造物の重要度と工事の規模に応じて20~150m3毎に1回を基本とする,スランプ検査の許容誤差はスランプ5cm以上8cm未満は±1.5cmスランプ8cm以上18cm未満は±2.5cmである,空気量の許容誤差は±1.5%である,塩化物イオン量含有量の判定基準は原則として1.00kg/m3以下である,D,塩化物イオン量含有量の判定基準は0.30kg/m3以下,コンクリート品質管理,標準
131,施工計画、施工設備及び積算,2015,暑中コンクリートの打込み養生に関する記述として誤っているものはどれか。,コンクリートを打ち込む前には地盤型枠等コンクリートから吸収するおそれのある部分を湿潤状態に保つ,コンクリートの打込みは練混ぜ開始から打ち終わるまで2.5時間以内を原則とする,打込み時のコンクリートの温度は35°C以下でなければならない,コンクリートの打込みを終了したときは速やかに養生を開始しコンクリート表面を乾燥から保護しなければならない,B,暑中コンクリートでは練混ぜ開始から打ち終わるまで1.5時間以内,暑中コンクリート,標準
132,施工計画、施工設備及び積算,2015,道路橋の下部構造を構成する鉄筋コンクリート部材に関する記述として誤っているものはどれか。,鉄筋の最小かぶりは鉄筋の直径以上かつ大気中の環境条件においてははりの場合は35mm以上柱・壁は40mm以上とする,鉄筋のあきは40mm以上かつ粗骨材の最大寸法の4/3倍以上とするまた鉄筋の直径の1.5倍以上とする,鉄筋の直角フックは曲げ加工する部分の端部から鉄筋の直径の10倍以上まっすぐにのばす,引張鉄筋に重ね継手を用いる場合は重ね継手長L以上かつ鉄筋の直径の20倍以上重ね合せる,C,直角フックは鉄筋直径の12倍以上,道路橋示方書,標準
133,施工計画、施工設備及び積算,2015,道路アスファルト舗装の路床・路盤用の施工機械基層・表層の施工機械に関する記述として誤っているものはどれか。,路上混合機械;ディストリビューター,路床・路盤の敷ならし機械;モーターグレーダブルドーザ等,基層・表層の敷ならし機械;アスファルトフィニッシャ,基層・表層の締固め機械;ロードローラタイヤローラ振動ローラ,A,路上混合機械はスタビライザーやロードミキサー,アスファルト舗装施工,標準
134,施工計画、施工設備及び積算,2015,道路のコンクリート舗装の補修工法に関する記述として誤っているものはどれか。,コンクリート舗装の補修工法は補修の対象がコンクリート版そのものなのか版の表面部なのかにより構造的対策工法と機能的対策工法に分けられる,構造的対策には打換え工法オーバーレイ工法バースッチ工法注入工法などがある,機能的対策には粗面処理工法グルービング工法パッチング工法表面処理工法などがある,上記の工法のなかで構造設計が必要な工法はオーバーレイ工法とグルービング工法である,D,グルービング工法は機能的対策工法で構造設計は不要,コンクリート舗装補修,標準
135,施工計画、施工設備及び積算,2015,循環型社会の形成促進における建設リサイクル等の推進に関する記述として誤っているものはどれか。,平成23年度の建設廃棄物の排出量は全国で約17500万トンである,産業別の廃棄物の排出量をみると1「電気ガス熱供給水道業」2「農業林業」3「建設業」の順に多い,建設廃棄物は全産業廃棄物排出量の約2割不法投棄量の約7.5割を占める,平成24年度の建設廃棄物全体の再資源化等率は96.0%である,B,産業別排出量は「電気ガス熱供給水道業」「建設業」「農業林業」の順,建設リサイクル推進計画,標準
136,施工計画、施工設備及び積算,2015,労働安全衛生マネジメントシステムに関する指針における安全衛生計画の作成事項に関する記述として誤っているものはどれか。,リスクアセスメントの結果に基づく措置の内容および実施時期,安全衛生教育の内容および実施時期,工事工程と実行予算,安全衛生計画の見直し,C,工事工程と実行予算は安全衛生計画の作成事項ではない,労働安全衛生マネジメントシステム指針,標準
137,施工計画、施工設備及び積算,2015,土木工事の際の用語の使い方の記述として誤っているものはどれか。,仕様書とは各工事に共通する共通仕様書と各工事ごとに規定される特記仕様書を総称していう,共通仕様書とは各建設作業の順序使用材料の品質数量仕上げの程度施工方法等工事を施工するうえで必要な技術的要求工事内容を説明したもののうちあらかじめ定型的な内容を盛り込み作成したものをいう,特記仕様書とは共通仕様書を補足し工事の施工に関する明細または工事に固有の技術的要求を定めた図書をいう,現場説明書とは工事の入札に参加するものに対して発注者が当該工事の工事現場周辺の状況を説明するための書類をいう,D,現場説明書ではなく現場説明資料,土木工事共通仕様書,標準
138,施工計画、施工設備及び積算,2015,土木工事における施工計画書に関する記述として誤っているものはどれか。,受注者は工事着手前に工事目的物を完成するために必要な手順や工法等についての施工計画書を監督職員に提出しなければならない,監督職員が施工計画書の項目について補足を求めた場合は補足については施工計画書に追記するのではなく補足資料としてまとめる,受注者は施工計画書の内容に重要な変更が生じた場合にはその都度当該工事に着手する前に変更に関する事項について変更施工計画書を監督員に提出しなければならない,受注者は施工計画書を提出した際監督職員が指示した事項についてさらに詳細な施工計画書を提出しなければならない,B,補足は施工計画書に追記またはファイルに編綴,土木工事共通仕様書,標準
139,施工計画、施工設備及び積算,2015,道路土工に関する記述として誤っているものはどれか。,路床とは盛土部においては盛土仕上がり面下掘削(切土)部においては掘削仕上り面下1m以内の部分をいう,建設発生土処理にあたり施工計画書の記載内容に加えて設計図書に基づき処理方法排水計画場内維持等を施工計画書に記載しなければならない,掘削の施工にあたり現場の地形掘削高さ掘削量地層の状態掘削土の運搬方法などから使用機械を設定しなければならない,路体盛土工の施工においては一層の仕上り厚を50cm以下とし各層ごとに締固めなければならない,A,路床は路面仕上がり面下1m以内の部分,道路土工仕様書,標準
140,施工計画、施工設備及び積算,2015,道路標識道路照明施設道路情報提供装置の総点検実施要領に関する記述として誤っているものはどれか。,標識等についてはこれまでの知見から損傷等が生じやすい弱点部があることがわかっている,標識等の部材は鋼部材およびコンクリート部材に大きく分けられる鋼部材については亀裂腐食ゆるみ・脱落破断について点検する,鋼部材の点検方法は板厚調査を基本とし超音波パルス反射法による残存板厚調査き裂探傷試験を実施するものとする,点検で異常を把握した場合は可能な限りの応急措置を行うこととする,C,鋼部材の点検は近接目視が基本で板厚調査は詳細調査,道路標識等総点検実施要領,標準
141,施工計画、施工設備及び積算,2015,コンクリート工事の型わく支保工に関する記述として誤っているものはどれか。,鋼管支柱は高さ3m以内ごとに水平つなぎを2方向に設け堅固なものに固定する,パイプサポートは3本以上継いで用いない,支柱の継手は突合せ又は差込みとする,支柱は大引きの中央に取り付ける等偏心荷重がかからないようにする,C,パイプサポートは2本以上継いで用いない,型わく支保工設計施工指針,標準
142,施工計画、施工設備及び積算,2015,建設工事公衆災害防止対策要綱を適用するような現場における土留工に関する記述として誤っているものはどれか。,切取り面が土質に見合った勾配を保って掘削できる場合を除き掘削の深さが1.5mを超える場合には原則として土留工を施すものとする,杭鋼矢板等の根入れ長は安定計算支持力の計算ボイリングの計算及びヒービングの計算により決定する,重要な仮設工事にあたっては原則として根入れ長は杭の場合においては1.5m鋼矢板等の場合においては3.0mを下回ってはならない,重要な仮設工事に用いる鋼矢板はIV型以上を標準とする,C,重要な仮設工事では杭3.0m鋼矢板1.5mを下回ってはならない,建設工事公衆災害防止対策要綱,標準
143,施工計画、施工設備及び積算,2015,建設工事公衆災害防止対策要綱による重要な仮設工事にあたっての切りばり腹おこしに関する記述として誤っているものはどれか。,腹おこしの垂直間隔は3メートル程度とする,腹おこしはH-250を最小部材とし継手間隔6メートル以下とする,二方向切ばりに対して中間杭を設ける場合には切りばりの交点に中間杭を設置して両方の切りばりを中間杭に緊結すること,切りばりは水平間隔5メートル以下とする,D,切りばりは水平間隔4メートル以下,建設工事公衆災害防止対策要綱,標準
144,施工計画、施工設備及び積算,2015,工事の施工出来高と工事総原価との関係を示す損益分岐図の中でFは何を示すか。,直接原価,間接原価,固定原価,工事原価,C,損益分岐図のFは固定原価を示す,建設業経営,標準
145,施工計画、施工設備及び積算,2015,工程管理に使用する各種工程図表の説明に関する記述として誤っているものはどれか。,ガントチャートは短期工事・単純工事に向いており図表の作成も容易であるが作業の手順は不明である,バーチャートは作業の手順は判明しているが短期工事・単純工事には不向きである,曲線式は作業の手順は不明であるが作業の進行度合いは判明する,ネットワーク式は作業の手順・作業の進行度は判明するが短期工事・単純工事には不向きである,B,バーチャートは短期工事・単純工事に向いている,工程管理,標準
146,施工計画、施工設備及び積算,2015,施工計画作成時の留意点に関する記述として誤っているものはどれか。,これまでの経験も貴重であるが常に改良を試み新しい工法新しい技術の採用に対する心構えが大切である,施工計画の検討は現場の技術者だけにたよることなくできるだけ社内の組織を活用して全社的な判断が大切である,過去の実績や経験を生かすとともに理論と新工法を考慮して現場の施工に合致した大局的な判断が大切である,時間との関係もあり計画案を絞って検討を行い作業段階で細部を修正して対応する,D,複数の計画案を十分検討して最適案を選定することが重要,施工計画の基本,標準
147,施工計画、施工設備及び積算,2015,国土交通省の総点検実施要領(案)【橋梁編】に関する記述として誤っているものはどれか。,実施要領(案)は道路利用者及び第三者の被害が多いと想定されるような幹線道路に主として適用するがその他の道路にも準用できる,総点検の目的は橋梁本体部材及び橋梁附属施設の損傷状態を把握するための点検を実施し損傷等による落下及び倒壊・変形による道路利用者及び第三者被害の危険性の有無を判定することである,総点検の対象となる橋梁は道路管理者が管理する緊急輸送道路に架かる道路橋において部材等の落下及び倒壊・変形により道路利用者及び第三者の被害が予想される橋梁を対象とする,点検箇所は対象となる道路橋において道路利用者被害予防の観点より路面より上方の全ての部材・施設等や第三者被害の予防の観点より桁下に第三者がいる可能性のある位置に落下・転倒する全ての部材・施設等の箇所で当該被害が生じる恐れのある損傷に対して行う,C,総点検の対象は緊急輸送道路に限定されない,橋梁総点検実施要領,標準
148,施工計画、施工設備及び積算,2015,国土交通省の道路橋定期点検に関する記述として誤っているものはどれか。,適用範囲は道路法第2条第1項に規定する道路における橋長2.0m以上の橋高架の道路等に適用する,5年に1回の頻度で実施することを基本とする,触診や打音等の非破壊検査等により行うことを基本とする,定期点検及び健全性の診断の結果並びに措置の内容等を記録し当該道路橋が利用されている期間中はこれを保存する,C,近接目視を基本とし必要に応じて触診や打音等を実施,道路橋定期点検要領,標準
149,施工計画、施工設備及び積算,2015,国土交通省の総点検実施要領(案)【道路のり面工・土工構造物編】に関する記述として誤っているものはどれか。,切土のり面の一次点検は路上から目視観察により切土のり面や付帯する道路防災施設に生じている老朽化劣化変状等の位置範囲性状を確認し第三者被害につながるおそれがある顕著な老朽化劣化変状等を抽出する,切土のり面の二次点検は変状等の見られる切土のり面で路上からの調査のみで判断が難しくのり面上方の確認が必要な箇所については小段やのり肩に登るなどして確認する,グランドアンカーの点検方法はアンカーの頭部や構造物などの変状を近接して確認することである,盛土の点検方法は盛土の一部に崩壊等の変状が見られ全体の崩壊のおそれのある箇所を抽出することを目的に路面の変状のり面のり尻の崩壊等の変状を路上目視あるいは近接目視等により確認する。路上目視による路面の変状等の確認を一次点検と位置づけ異常の見られる箇所を対象に二次点検としてのり面およびのり尻の状況の確認を行ってはいけない,D,異常箇所では二次点検を実施する,道路のり面工・土工構造物総点検実施要領,標準
150,森林土木,2015,我が国の森林に関する記述として誤っているものはどれか。,我が国は国土面積の約3分の2が森林で覆われた森林国でありOECD諸国ではフィンランドスウェーデンについで3番目となっている,森林の有する多面的機能には公益的機能と木材等生産機能が含まれるが公益的機能のうちで代表的なものは我が国の国土の保全等に関する機能である,森林の多面的機能を持続的に発揮していくためには我が国の森林面積の4割を占める人工林を中心に植栽保育間伐等の森林整備を推進する必要がある,我が国の森林資源は森林蓄積がこの半世紀で約2.6倍になり平成24年3月末現在で約49億m3の蓄積量となりこのうち人工林が4割を占める,C,人工林は森林面積の約4割ではなく約4割は人工林蓄積の割合,森林・林業白書,標準
151,森林土木,2015,森林の伐採に関する記述として誤っているものはどれか。,主伐は次の世代の森林の造成を伴う森林の一部または全部の伐採作業である,皆伐は一定範囲の樹木を一時に全部または大部分伐採する作業である,間伐は育成段階にある森林において樹木の混み具合に応じて育成する森林の大部分を伐採し残存木の成長を促進する作業である,除伐は育成の対象となる樹木の生育を妨げる他の樹木を刈り払う作業である,C,間伐は育成する森林の一部を伐採して残存木の成長を促進する作業,森林作業道作設指針,標準
152,森林土木,2015,森林の基本的な事項に関する記述として正しいものはどれか。,長伐期施業は通常の主伐林齢(例えばスギの場合40年程度)の概ね2倍に相当する林齢を超える林齢で主伐を行う森林施業である,下刈は植栽した苗木の生育を妨げる雑草や灌木を刈り払う作業で一般に植栽後の数年間毎年夏から秋の間に実施するものである,育成複層林は人為によって保育などの管理がされた森林のうち樹齢や樹高の同じ樹木によって構成された森林である,林齢とは森林の年齢のことで人工林では苗木を植栽した年度を0年生とし以後1年生2年生と数える,A,長伐期施業は通常の主伐林齢の概ね2倍に相当する林齢を超える施業,森林施業計画制度運営要領,標準
153,森林土木,2015,森林の機能に関する記述として誤っているものはどれか。,山地災害防止機能および土壌保全機能が発揮されるためには樹木の樹冠や下層植生が発達するとともに樹木の根系が深く広く発達した森林である必要がある,森林土壌は多孔質な構造となっておりその隙間に水を蓄えることにより徐々に地中深く浸透させて地下水として涵養するとともに時間をかけて河川に流出させる機能を持つ,森林による二酸化炭素の吸収能力(炭素の固定速度)は森林が若いうちから成長とともに上がり高齢級化することで増々大きく発揮される,木材生産機能の持続的な発揮のためには森林の健全性を確保しつつ将来の木材生産に向けて植栽保育間伐等の森林整備を行う必要がある,C,二酸化炭素の吸収能力は若い森林で大きく高齢級化すると低下する,森林・林業基本計画,標準
154,森林土木,2015,作業システムに関する記述として誤っているものはどれか。,作業システムは集材機やハーベスタを使用する架線系とウインチの直曳きやグラップル等による車両系とに大別される,車両系は比較的高い路網密度が要求され使用する機械と人の組み合わせにより多くのバラエティが考えられる,架線系は急傾斜地などの路網密度が限られる作業地や架線の架設・撤去の手間を考慮しても車両系よりも高い効率を得られるような条件の作業地で採用される,作業システムは林地傾斜と路網配置に密接に関連し林地傾斜(緩傾斜地中傾斜地急傾斜地急峻地)に応じた標準的な作業システムが整理されている,A,ハーベスタは車両系機械,森林作業道作設指針,標準
155,森林土木,2015,林道の種類及び区分に関する記述として誤っているものはどれか。,林道の種類は自動車道と軽車道単線軌道の3種類に分類される,自動車道は1級~3級に区分される,自動車道1級は国道都道府県道等と連絡する幹線をいう,軽車道は車道幅員1.8m以上3.0m未満のもので軽自動車の通行できるものをいう,D,軽車道は車道幅員2.5m以上3.0m未満,林道規程,標準
156,森林土木,2015,路網を構成する道に関する記述として誤っているものはどれか。,林道は原則として不特定多数の者が利用する恒久的公共施設であり森林整備や木材生産を進める上での幹線となるものである,林業専用道は主として特定の者が森林施業のために利用する一時的公共施設であり幹線となる林道を補完し森林作業道と組み合わせて森林施業の用に供する道である,林業専用道は普通自動車(10トン積程度のトラック)や林業用車両(大型ホイールタイプフォワーダ等)の輸送能力に応じた必要最小限の規格・構造を持つことにより森林作業道の機能を木材輸送の観点から強化・補完するものである,森林作業道は集材のためによりは密度な配置が必要となる道であり作設にあたっては経済性を確保しつつ丈夫で簡易な構造とすることが特に求められる,C,林業専用道は普通自動車(4トン積程度)の輸送能力に応じた規格,林業専用道作設指針,標準
157,森林土木,2015,林業専用道の路線選定に関する記述として誤っているものはどれか。,森林施業のポイントや森林作業道との分岐点を考慮しながら地形・地質の安定している箇所を通過する路線選定を行う,路線の線形は地形に沿った屈曲線形波形勾配とする,伐開幅は最大限とするなど自然環境の保全に配慮した路線選定を行う,工作物の設置を抑制するように検討して路線選定を行う,C,伐開幅は必要最小限に抑制する,林業専用道作設指針,標準
158,森林土木,2015,林道の幅員に関する記述として誤っているものはどれか。,もっぱら車の通行に供する部分が車道でありこれを支える形で両サイドに路肩がある双方の幅員を合わせた幅員を全幅員と呼ぶ,林道規程においては1車線の場合車道幅員は級別に2.0~5.0mの範囲である,林道の作設範囲は林道敷きという,林道の幅員は設計車両が設計速度で安全に通行できるものでなければならない,B,1車線の車道幅員は3.0~4.0mの範囲,林道規程,標準
159,森林土木,2015,林道の平面線形に関する記述として誤っているものはどれか。,林道の幾何構造の中で路線の進行方向の形状線形を平面線形という,林道の曲線半径は本来大きいほど走行には好都合である。また地形の関係費用の関係から常にできるだけ大きい曲線を用いる方が有利である,林道で用いられる曲線は直線に円弧が接続する単曲線が最も多い,平面線形の設計が林道の安全性輸送効率あるいは建設費に大きな影響を与える,B,地形や費用の制約から適切な曲線半径を選定する必要がある,林道規程,標準
160,森林土木,2015,林道の曲線部の拡幅に関する記述として誤っているものはどれか。,1車線林道の拡幅の位置は原則として車道の内側とするが地形その他の理由によってやむを得ない場合は拡幅量の半分までに限り外側に拡幅することができる,1車線の林道において地形その他の理由によりやむを得ない場合で所定拡幅量を縮減する場合は必要に応じて標識交通安全施設等を設置することが必要である,2車線林道の各車線の拡幅は林道中心線の半径を基礎に規程で示す拡幅量を標準値とすることとし車線毎の拡幅量は変えない,規定の拡幅量は緩和区間に接続するまで均一な値で設ける,C,2車線林道では内側車線と外側車線で拡幅量を変える,林道規程,標準
161,森林土木,2015,林道の横断勾配に関する記述として誤っているものはどれか。,林道規程では曲線部の片勾配を附する区間を除き横断勾配を砂利道では8%以下舗装道路では1.5以上2.0%以下を標準としている,林道の横断勾配の形状は屋根型直線形状を標準とする,林道の利用形態がもっぱら森林施業の実施である場合は横断勾配を附さないことができる,林道の利用形態がもっぱら森林施業の実施であってかつ自動車道の区分が3級の場合には川側に片勾配を附することができる,A,砂利道では3~8%舗装道路では1.5~2.0%,林道規程,標準
162,森林土木,2015,林道の施工に関する記述として誤っているものはどれか。,切取施工には前段階として行う準備工において伐根処理が不完全な場合そのまま盛土すると伐根が腐植したとき盛土の強度に大きく影響する,丁張りは幅5~6cmの貫板を組み合わせて固定し切取りや盛土施工基面は貫板の上端を基準として設置する,土量の変化率L(ほぐした土量/地山の土量)は土石の配分計画を立てるときに必要である。土量の変化率C(締固め後の土量/地山の土量)は土石の運搬計画を立てるときに用いられる,林道の切取のり面勾配は普通土粘性土転石混じり土の場合で8分軟岩で5分硬岩で3分を標準としている,C,Lは運搬計画Cは配分計画に用いられる,林道必携,標準
163,森林土木,2015,林道の排水施設に関する記述として誤っているものはどれか。,林道そのものを守る技術の大半は降雨に対する排水対策である,路面における降雨等の地表水は横断溝等の排水施設を適切に配置し集中排水を行うものとする,側溝の種類選定では侵食や洗掘等のおそれのない箇所舗装や路面安定処理の計画がない区間は素掘りの側溝とする,横断溝は地形や勾配に応じた路面水等が自然流下する縦断勾配を設けるものとする,B,路面水は分散排水を基本とする,林道必携,標準
164,森林土木,2015,路体の維持管理に関する記述として誤っているものはどれか。,路体の維持管理は路体構成として路盤そのものの管理切取斜面および盛土斜面の管理に区分できる,路面の凹凸発生現象のうちポットホールの発生位置は急勾配路面で粒径配合不良の箇所でありコルゲーションは緩勾配路面でランダムな位置に起こる,岩石切取斜面の崩落において流れ盤は春先の凍結・融解の繰り返しによる斜面安定の劣化をもたらし受け盤は落石の原因となる,排水施設に流入する土砂・枝条による排水施設の埋没は越流を引き起こし盛土の崩壊を引き起こす,B,ポットホールは緩勾配でランダムコルゲーションは急勾配で一定間隔,林道必携,標準
165,森林土木,2015,斜面の水循環に関する記述として誤っているものはどれか。,斜面下部では常時土壌水分と栄養分が潤沢で樹木の生長が旺盛である,斜面下部では降雨時土壌水分復帰流や不飽和流が発生しやすい,斜面上部は土壌中の水は飽和・不飽和流として排水される,斜面上部は蒸発散が活発で土壌孔隙は空隙化されやすい,C,斜面上部では表面流が卓越し土壌中の水は少ない,森林水文学,標準
166,森林土木,2015,土石流地形に関する記述として誤っているものはどれか。,土石流堆は一般的に先端が盛り上がり後方に尾を引いたような細長い堤防状の高まりとなる,土石流堆は必然的に末端から下刻され段丘化することがある,土石流堆の構成物質は先端ほど粗粒な径数m以下の大小の角礫ないし亜角礫でありそれらが明瞭な成層構造をもつ,谷口から低地に向かって何回も土石流が流出すると谷口に同心円的な等高線で示される扇状地状の沖積錐が形成される,C,土石流堆の構成物質は明瞭な成層構造を持たない,地形学,標準
167,森林土木,2015,森林土壌に関する記述として誤っているものはどれか。,AO層は土壌動物やそれらが破砕・腐朽したものが堆積している層をいう,A層は本来物質が溶脱を受ける層をいう,B層は本来鉄やアルミニウムなどの遊離酸化物腐植あるいは粘土などが集積する堆積層をいう,C層は鉱質物が風化しただけの母材料から構成される層をいう,A,AO層は有機物層で土壌動物そのものは含まない,土壌学,標準
168,森林土木,2015,地形計測に関する記述として誤っているものはどれか。,GPS測量は地上間での見通し確保は不要で山越えの基線測定も短時間で計測でき測量作業の省力化が図られて精度も良い,航空レーザー測量は空中写真を用いて地形情報の取得や地形図の作成を行う方法である,数値地形モデルは標高に関する地形情報でありデジタルデータであるためにコンピューターを利用して容易に大量のデータを処理することができる,地理情報システムは位置に関する情報を持ったデータを総合的に管理・加工し視覚的に表現し高度な分析や迅速な判断を可能にする技術である,B,航空レーザー測量はレーザー光を用いた測量方法,測量学,標準
169,森林土木,2015,落石調査に関する記述として誤っているものはどれか。,落石は斜面の勾配が概ね30度以上で発生することが多い,落石は斜面の平面形状が凹型斜面の場合は谷筋に集中する傾向がある,落石は斜面の縦断形状が凹型斜面の場合は一般的に浮石型落石の発生が多い,落石は斜面の縦断形状が凹型斜面の場合は斜面上部で発生した落石は下部に行くほど減速し跳躍高さも低くなる,C,凹型斜面では表層崩壊型落石の発生が多い,治山技術基準,標準
170,森林土木,2015,治山ダムの設計に関する記述として誤っているものはどれか。,山脚の固定縦・横侵食の防止不安定土砂の直接的な移動防止を目的とする治山ダムは対象となる渓流区間の直下流に位置を選定する,対象となる渓流区間が長い場合またはその箇所の渓床勾配が急な場合には高さの高い治山ダムを1基配置する,土石流が発生するおそれ等のある渓流においては土石流等の発生流送堆積等の各区間の土砂移動の特性に応じて適切な箇所を選定する,既設の治山ダムが配置されている渓流区間において治山ダムの配置目的や既設の状況等を踏まえ効果的かつ効率的と判断される場合には嵩上げ等による既設治山ダムの機能強化を検討する,B,長い区間や急勾配では複数の治山ダムを配置する,治山技術基準,標準
171,森林土木,2015,護岸工の設計に関する記述として誤っているものはどれか。,護岸工の天端高は砂礫流木等を含んだ洪水流に対して越流しないように安全な高さとしなければならない,山腹崩壊の防止または山腹工の基礎を目的として護岸工を設ける場合には洪水流に対して安全かつ山腹基礎工の目的を達成できる天端高とする必要がある,治山ダムの上流部に計画する護岸工の天端の高さは治山ダムの袖天端より高い高さとしおおむね計画勾配に沿って勾配を設け越流しない高さとする,護岸工の天端高は計画高水流量から求められた計画水深に余裕高を加えた高さとする,C,治山ダムの上流部護岸工の天端高は袖天端より低い高さとする,治山技術基準,標準
172,森林土木,2015,地すべりの排土工に関する記述として誤っているものはどれか。,排土工は地すべりの末端域において行われる工法である,排土工は地すべりの運動方向に対して運動ブロックが一つまたは二つの場合に適用され多くの地すべりが連続的に相互に関連している場合には適用されない,すべり面の形状が円弧の場合には排土効果が非常に大きい,施工は乾期が最も適当で降雨時には地塊の粘性が増して排土の効果も悪く災害の危険性も高い,A,排土工は地すべりの頭部域において行われる工法,治山技術基準,標準
173,森林土木,2015,山腹工に関する記述として誤っているものはどれか。,地下水型の崩壊地については地下水の排除を十分行う工種を採用する,豪雨や地震によって発生した崩壊地のうち脚部の侵食やガリー侵食が見られる区域においては斜面を安定させるための基礎工に重点をおいたものとする,火山噴出物が厚く堆積している地帯等のように地質が脆弱な地域においては一度崩壊すると拡大して自然復旧が困難となるので拡大崩壊を防ぐのに有効な工法を計画する,渓流の側面や谷頭に発生した崩壊地での山腹工は地すべり対策工と一体的に安定を図るよう計画をする,D,渓流側面や谷頭の崩壊地では渓間工と一体的に計画する,治山技術基準,標準
174,森林土木,2015,落石防護工に関する記述として誤っているものはどれか。,落石防護工は保全対象を防護するために落下する岩石を抑止または減殺することを目的として施設を設置する工法である,落石防護柵工は落石の発生するおそれのある斜面をワイヤーロープと金網で構成された網で覆い落石の発生を防止する工法である,落石防護擁壁工は緩衝材を設けたコンクリート製擁壁鉄筋コンクリート製擁壁及び土堤により落下してくる岩石を阻止する工法である,落石緩衝柵工はH鋼の支柱に伸び性能が高いワイヤーロープ金網を取り付けた柵により落石の衝突エネルギーを吸収させる工法である,B,落石防護柵工は落石を捕捉する工法で発生防止は落石予防工,治山技術基準,標準
175,森林土木,2015,治山・林道施設の長寿命化計画に関する記述として誤っているものはどれか。,施設の維持管理・更新等に係るトータルコストの縮減・平準化を図る上で点検・診断等の結果を踏まえ個別施設ごとに長寿命化計画を策定する,個別施設計画の策定を進めていくためには保全予防型維持管理の考え方に基づく維持管理・更新等の対象となる施設を明確にする,個別施設計画策定の前提となる点検・診断等の実施結果や各種情報の蓄積計画策定のための知見の充実などを進めていく,個別の各施設の管理者の取組状況に応じたきめ細かな対応を図っていくことが課題である,B,事後保全型から予防保全型への転換が重要,治山・林道施設長寿命化計画策定の手引き,標準
176,森林土木,2015,個別施設計画に関する記述として誤っているものはどれか。,施設の効用により斜面の安定や渓岸の侵食防止等が図られ健全な森林が回復した結果森林の国土保全機能等の発揮と相まって期待される効果が持続的に確保されうると考えられる施設については個別施設計画の策定対象から除くことができる,老朽化に伴う経年劣化等により施設が損傷した場合等であってもその影響の及ぼす範囲が限定的であるなど第三者に被害を及ぼす等の重大な事故を引き起こす可能性が極めて小さい施設については個別施設計画の策定対象から除くことができる,規模が小さく維持管理によるトータルコストの削減効果が限定的であり事後的な措置を行うことにより対応する方が効率的な施設等については個別施設計画の策定対象から除くことができる,治山施設は荒廃山地における斜面の安定や渓岸の侵食防止等を図るために整備されるものであり施設周辺の森林の状況については個別施設計画の策定対象から除くことができる,D,施設周辺の森林の状況も個別施設計画で考慮する必要がある,治山・林道施設長寿命化計画策定の手引き,標準
177,森林土木,2015,治山施設点検に関する記述として誤っているものはどれか。,保全対象に影響が懸念される施設の損傷及び早急な対策が必要な施設等については遅滞なく監督職員等に報告すること,施設位置調査は渓間工の場合は放水路中心部を基本とし山腹工については施工区域の最下端付近の任意の位置を基本とする,施設に直接影響を及ぼす木本類等については監督職員に報告する,GPSを携行し施設の位置を特定することを基本とする,B,渓間工の施設位置調査は堤体中心部を基本とする,治山施設点検要領,標準
178,森林土木,2015,治山施設点検における写真撮影に関する記述として誤っているものはどれか。,渓間工の全景撮影は上流側から構造物全体が見えるような位置なるべく構造物の上流側が見えるようにやや高い位置にカメラを据えて撮る,渓間工の袖部撮影については左岸・右岸部下流側のやや高い位置から撮る,渓間工の間詰工護岸工等撮影については下流側または上流側の状況をアップで撮る,渓間工の渓流全体撮影については施設を中心として渓流全体が立体的及び背後の林地概況(背景)が判るように斜め方向かの高い位置から撮る,B,袖部撮影は上流側のやや高い位置から撮影,治山施設点検要領,標準
179,森林土木,2015,鋼製治山構造物の点検方法に関する記述として誤っているものはどれか。,構造物の倒壊・破損・転倒・滑動・変形・腐食・破断がないか点検する,接合部材のゆるみはないか点検する,アンカーの異常・ワイヤーの破断や摩耗がないか点検する,洗掘・異常な堆積や流木・構造物の不安定化につながる道路や湧水がないか点検する,D,道路は構造物の不安定化要因ではなく湧水や洗掘が重要,治山施設点検要領,標準
180,トンネル,2015,東日本大震災における復興道路・復興支援道路に関する記述として、誤っているものをa~dのなかから選びなさい。,震災時における三陸沿岸道路の開通延長は、全体の3割程度(129km)であったが、大きな被害を受けなかったことから「命の道」として災害復旧に大きく貢献した。,三陸沿岸道路は、完成2車線の自動車専用道路で、トンネル内にも剛性の中央分離帯を設置することから、幅員は12mで計画されている。,復興道路・復興支援道路のトンネルは、134本(但し、宮古盛岡横断道路の未事業化区間を除く)であり、路線全体延長584kmのうち45%を占めている。,三陸地方は、歴史的にも津波により大きな被害を受けていることから、東日本大震災の教訓を活かし、ルートは津波浸水区域を95%避けて計画されている。,B,三陸沿岸道路の幅員は標準的な2車線道路の幅員であり、12mではありません。また、トンネル内に剛性の中央分離帯は設置されません。,復興道路・復興支援道路関連基準,標準
181,トンネル,2015,道路トンネルの定期点検に関する記述として、誤っているものをa~dのなかから選びなさい。,覆工コンクリート等にひび割れが深さ方向に斜めに入っている場合は、打音検査によりその方向と範囲が推定できるものもあるので、注意して点検を行う必要がある。,打音検査にあたっては、頭部重量100~300g程度の点検用ハンマーを用いて、初回点検では、変状がなくても全面において行う。,覆工表面に段差がある場合は、施工の不具合のみが原因があり、構造的に弱点となっている場合はない。,コールドジョイントは、施工の不具合でできた継目であり、コールドジョイントの付近は、ひび割れが発生しやすいので、コンクリートがブロック化することがある。,C,覆工表面の段差は施工の不具合だけでなく、地山の変状や外力の作用によっても生じ、構造的な弱点となることがあります。,道路トンネル定期点検要領,標準
182,トンネル,2015,道路トンネル定期点検要領における用語の定義に関する記述として、誤っているものをa~dのなかから選びなさい。,外力とは、トンネルの外部から作用する力であり、緩み土圧、偏土圧、地すべりによる土圧、膨張性土圧、水圧、凍上圧等の総称をいう。,材質劣化とは、使用材料の品質が時間の経過とともに劣化が進行するものであり、コンクリートの中性化、アルカリ骨材反応、鋼材の腐食、凍害、塩害、温度変化、乾燥収縮等の総称をいう。,漏水とは、覆工背面地山の地下水が、覆工コンクリートに生じたひび割れ箇所や目地部を通過し、トンネル坑内側に流出するなどの現象の総称をいい、漏水等による変状には、冬期におけるつららや側氷が生じる場合は含まない。,監視とは、応急対策を実施した箇所、もしくは健全性の診断の結果、当面は応急対策または本対策の適用を見送ると判断された箇所に対し、変状の挙動を追跡的に把握することをいう。,C,漏水等による変状には、冬期におけるつららや側氷が生じる場合も含まれます。,道路トンネル定期点検要領,標準
183,トンネル,2015,山岳工法における膨張性地山の施工に関する記述として、誤っているものをa~dのなかから選びなさい。,掘削にあたっては、地山を緩めないように、早期に断面の閉合を図ることを基本とし、地山条件に合わせた適切な掘削工法を選定しなければならない。,トンネルが掘削されると、周辺の地山とともに孔壁が徐々に内空に押し出されてくる現象が見られ、はなはだしい場合には工事に支障をきたすほど著しく掘削断面が縮小することがあるが、その変位は天端、側壁だけで、底盤や鏡面に生じることはない。,最近では、地山変位をある程度許容し、最初の支保工(一次支保工)の健全性が損なわれることを見越して、その内側に新たに何層にも支保工(多重支保工)を設けることで支保全体の健全性を確保するという考え方にもとづいて施工している事例もある。,吹付コンクリートは、掘削後ただちに施工することにより、地山の緩み、風化を防止することができ、膨張性地山においては、とくにその効果は著しく、吹付コンクリートの厚さは、標準支保パターンに比べ厚い吹付け厚が採用されている。,B,膨張性地山では変位は天端や側壁だけでなく、底盤や鏡面にも生じることがあります。,山岳トンネル設計・施工標準,標準
184,トンネル,2015,山岳工法における支保部材に関する記述として、正しいものをa~dのなかから選びなさい。,ロックボルトは、周辺の地山と一体化するための定着材および頭部で芯材と吹付けコンクリート等とを一体化するためのプレートとナットから構成される複合部材で、吹付けコンクリートや鋼製支保工とは異なり、地山の内部から支保機能が発揮される点が特徴である。,中硬岩、硬岩地山の場合に、亀裂に交差してロックボルトを打設すると亀裂面のせん断強度が低下し、見かけの地山物性改良効果が期待できない。,吹付けコンクリートの施工方式には、湿式と乾式があり、それぞれの方式で施工される吹付けコンクリートの最終的な品質は、施工過程による影響は受けにくい。,鋼製支保工は、吹付けコンクリート等と一体となって地山に密着し、トンネルや周辺地山の安定を図るものであるが、脚部での支持を期待しなくても安定性を保つことができるような良好な地質条件下においても、下半部の鋼製支保工は省略することができない。,A,ロックボルトの特徴を正確に説明している選択肢です。地山内部から支保機能を発揮する点が他の支保部材との違いです。,山岳トンネル設計・施工標準,標準
185,トンネル,2015,山岳工法における道路トンネルの設計に関する記述として、正しいものをa~dのなかから選びなさい。,坑門の面壁設計においては、面壁に発生する応力がトンネル覆工にも影響するため、覆工内側面にも面壁に配置する主筋と同等の鉄筋を面壁から5m程度配置する。,トンネルの覆工仕上がり線は、設計断面に対して、施工上ある程度の誤差が生じることはまぬがれないため、あらかじめトンネル断面の所要空間とは別に、施工誤差として3cm程度を見込んでいる。,地山等級DIIにおいて変形余裕量を見込む場合は、上部半断面工法は上半部に、補助ベンチ付全断面工法では掘削に時間差が無いため上半部、下半部にそれぞれ5cm程度見込んで設計するのが通例である。,インバート半径は、路盤構造、中央排水工、側溝などを包含するとともに地山の性状を考慮した合理的な形状を選定するものとするが、一般には、インバート半径は、上半半径の2~3倍とすることが多い。,A,インバート半径は一般的に上半半径の2~3倍とすることが多いとされています。,山岳トンネル設計・施工標準,標準
186,トンネル,2015,山岳工法における計測Bの評価に際しての留意点に関する記述として、誤っているものをa~dのなかから選びなさい。,計測Bは、計測Aの断面および測点にあわせて設置すると地山の挙動や支保工の効果を評価しやすい。,土被りの小さい都市トンネル等では、脚部の支持力不足により天端と脚部が同程度沈下する共下がり現象が発生しやすいため、地表から設置する地中変位計の頭部の沈下量を測定するなど、絶対的な沈下量を把握できるようにする。,覆工の応力は、完成後の気温変化、水位変化、近接施工による作用土圧の変化等により変化するため、評価にあたっては温度変化、間隙水圧分布、近接施工の範囲や種別等を正確に把握しておく必要がある。,吹付けコンクリートの若材齢時は、弾性係数が小さく、同じ変形であっても発生応力が大きい場合がある。,D,吹付けコンクリートの若材齢時は弾性係数が小さいため、同じ変形であっても発生応力は小さくなります。,山岳トンネル設計・施工標準,標準
187,トンネル,2015,トンネルの維持管理に関する記述として、誤っているものをa~dのなかから選びなさい。,山岳工法により建設されたトンネルは、現在の標準工法である吹付けコンクリートとロックボルトを主体とするNATMと、それ以前の矢板工法に大別され、施工法の違いによる変状発生の特性を考慮する必要がある。,矢板工法で建設されたトンネルでは、覆工コンクリートと背面地山との間に空隙が存在することが多いことに留意が必要である。,シールド工法により建設されたトンネルの場合、RC、鋼製、ダクタイル鋳鉄、合成などのセグメントの種別によって対策工が異なるものがある。,開削工法により建設されたトンネルは、建設時のコンクリートの打込み方法、トンネルの防水工や親杭横矢板、柱列式連続壁、地下連続壁などの仮設工法などによる差異で対策に影響がでることはない。,D,開削工法で建設されたトンネルでも、施工方法や仮設工法の違いにより対策工に影響が出ることがあります。,トンネル維持管理便覧,標準
188,トンネル,2015,「ずい道等建設工事における換気技術指針」における用語に関する記述として、誤っているものをa~dのなかから選びなさい。,粉じん濃度目標レベルとは、トンネル内の切羽から30m地点での粉じん濃度の測定の結果の評価を行うときに使用する粉じん濃度の目標値として、各建設工事毎に設定すべき値であり3mg/m3(吸入性粉じん)以下にすることとされている。,許容濃度とは、日本産業衛生学会及びACGIH(米国産業衛生専門家会議)が勧告している濃度をいう。,法的規制値とは、労働安全衛生法、労働安全衛生規則、酸素欠乏症等防止規則等の関係法令で、就業禁止等について規制されている値をいう。,管理濃度とは、作業環境管理を進める過程で、有害物質に関する作業環境の状態を評価するために、作業環境測定基準に従って単位作業場所について実施した測定結果から、当該作業単位場所の作業環境管理の良否を判断する際の管理区分を決定するための指標をいう。,D,管理濃度の定義において、「当該作業単位場所」ではなく「当該単位作業場所」が正しい表現です。,ずい道等建設工事における換気技術指針,標準
189,トンネル,2015,山岳トンネルに適用される主な補助工法に関する記述として、正しいものをa~dのなかから選びなさい。,地山のアーチ作用が期待できないような不安定な地山に対して、天端部の安定を図る目的でフォアポーリング、長尺フォアパイリング等の崩落、抜け落ち防止対策を行った場合は、鏡吹付けコンクリートや鏡ボルトを併用した事例はない。,支保工脚部の支持力が不足する場合には、仮インバートや脚部補強ボルト、脚部補強パイルあるいはサイドパイルが有効である。,切羽の安定性は、地山の性状のみによるものではなく、湧水を伴って不安定となる場合も少なくないが、切羽安定対策を実施する場合には、湧水対策等は別々に検討する。,含水未固結地山において、水抜きボーリング、水抜き坑等の排水工法を採用する場合には、水と一緒に細粒分を抜くように心掛ける。,B,支保工脚部の支持力不足に対する対策として、仮インバートや各種補強工法が有効です。,山岳トンネル設計・施工標準,標準
190,トンネル,2015,道路トンネルにおける換気方式に関する記述として、誤っているものをa~dのなかから選びなさい。,ジェットファン式の特徴は、トンネル縦方向に作用する交通換気力および自然換気力を補足するようにジェットファンの噴流効果による圧力上昇を発生させ、これにより所要換気量を満足しようとすることにある。,一方通行トンネルにおけるジェットファン式は、新鮮空気が坑口から供給されることになるので、濃度分布は坑口部からの曲線分布になる。,対面交通トンネルで縦流換気方式を採用する場合、走行車両による交通換気力は期待できず、逆に換気上の抵抗としてのみ作用することが多いが、走行速度などによって換気状態が影響を受ける度合いは一方通行トンネルの場合に比べて小さい。,横流換気方式や排気半横流換気方式は、交通方式にかかわらず、坑口からの排気の比較的少ない換気方式である。,C,対面交通トンネルでは走行速度等による換気状態への影響は一方通行トンネルより大きくなります。,道路トンネル技術基準,標準
191,トンネル,2015,山岳工法で施工するトンネルにおいて留意すべき地山条件に関する記述として、誤っているものをa~dのなかから選びなさい。,シラスの特徴は、他の土質に比べ水により侵食されやすいことにあるが、不飽和状態においてはそのかみ合わせ(インターロッキング)の良さのため、力学的性質は一般的な砂に比べて比較的大きなせん断抵抗を示す。,砂層・砂礫層地山は、粘着力が小さく、掘削から吹付けを開始するまでの間、あるいは、吹付け作業中でも天端に肌落ちが生じ、結果的に余掘りが増加することがある。,花崗岩では、他の岩種に比べ風化が深部に及んでいて、坑口からかなり長区間にわたり脆弱な地山を掘削せざるを得ない場合が多く、とくに土被りの小さいトンネルでは、全区間がまさ土からなることも少なくない。,未固結地山とは、洪積層や一部沖積層を形成する未固結ないし固結度の低い砂質土や礫質土ならびに火山灰、火山礫、軽石からなる火山噴出物等であり、岩石の風化帯、断層破砕帯等は含まれない。,D,未固結地山には岩石の風化帯や断層破砕帯等も含まれます。,山岳トンネル設計・施工標準,標準
192,トンネル,2015,シールドトンネルにおけるセグメントの耐久性に関する記述として、誤っているものをa~dのなかから選びなさい。,セグメントの継手面には、トンネルとしての止水性を確保するために、シール材等による止水工を施さなければならない。,セグメントにひび割れが生じる原因は、一般的に、曲げモーメントや軸引張力等の断面力のほか、ジャッキ推力やセグメントの運搬、組立時の取扱いなど施工に起因するものやコンクリートの乾燥収縮、中性化等によるものがある。,耐久性の高い鋼製セグメントや合成セグメントでは、腐食性環境におかれる場合でも、防食や防せいの処理を行う必要はない。,セグメントの耐久性の検討では、コンクリート、鉄筋、鉄鋼材等からなるセグメント本体、鉄鋼材等からなる継手、注入孔の部品の耐久性を確認する。,C,鋼製セグメントや合成セグメントでも、腐食性環境では防食や防せい処理が必要です。,シールド工法技術指針,標準
193,トンネル,2015,既設構造物と近接するシールドトンネルに関する記述として、誤っているものをa~dのなかから選びなさい。,近接施工の影響を定量的に評価する場合、有限要素法等の数値解析により行うのが一般的であるが、シールド施工の影響は沈下による影響が支配的であるため、隆起に対する解析の必要はない。,有限要素解析の結果から、施工時の指標としての管理基準値を定める際には、管理者と協議の上、機能面、構造面のどちらも満足する値を定める必要がある。,対策工法として地盤改良を用いる際には、対象地盤、施工方法等によって十分な改良効果が得られない場合があるので、試験施工等により、改良範囲と均一性、出来上がり品質等の効果確認を行い、詳細の仕様を定めるのがよい。,計測管理は、通過前、通過時、通過後の3段階を追って実施する必要がある。とくに、近接区間の手前の類似の地盤条件の地点で通過前計測を行い、予測解析手法の妥当性や施工方法の是非を確認しておくことが重要である。,A,シールド施工では沈下だけでなく隆起による影響も考慮する必要があります。,シールド工法技術指針,標準
194,トンネル,2015,開削トンネルの本体工の設計に関する記述として、誤っているものをa~dのなかから選びなさい。,開削トンネルの性能照査において考慮する限界状態は、終局限界状態ならびに使用限界状態ならびに疲労限界状態である。,箱形ラーメン形式のトンネルでは、土圧が大きい場合に応力が大きくなる部材と、土圧が小さい場合に応力が大きくなる部材とがある。,地下水位以下に施工される開削トンネルにおいては、土被りの少ない場合、トンネル部から地上部への移行区間ならびに構造物が大きい場合に浮上りに対する検討が必要である。,耐震設計上の基盤面として設定できる十分に堅固な地層は、支持力が十分にあり、せん断弾性波速度が概ね200m/s以上(一般に、砂質土でN値50以上、粘性土でN値25以上)と考えてよい。,D,耐震設計上の基盤面は、せん断弾性波速度が概ね300m/s以上(砂質土でN値50以上、粘性土でN値25以上)とされています。,道路トンネル技術基準,標準
195,トンネル,2015,トンネル工事を規制するおもな関連法規類に関する記述として、誤っているものをa~dのなかから選びなさい。,都市計画関係の関連法規類としては、「都市計画法」「大深度地下の公共的使用に関する特別措置法」「都市再生特別措置法」などがある。,自然・文化財保護関係の関連法規類としては、「自然公園法」「都市公園法」「環境基本法」などがある。,環境・公害・廃棄物関係の関連法規類としては、「環境基本法」「環境影響評価法」「土壌汚染対策法」などがある。,災害防止関係の関連法規類としては、「宅地造成等規制法」「地すべり等防止法」「道路交通法」などがある。,D,道路交通法は災害防止関係ではなく交通安全関係の法規です。,建設関連法規集,標準
196,トンネル,2015,トンネルの周辺環境調査に関する調査項目と調査事項の組み合わせとして、誤っているものをa~dのなかから選びなさい。,地下水状況・・・・・・帯水層の分布と透水性、帯水層ごとの地下水圧と水質および経年変化、地下水の流向と流速、湧泉の分布と湧水量,地表水状況・・・・・・表流水、温泉、湧泉、湖沼、湿原の分布、天然ガスの分布,地盤沈下・・・・・・・事業対象領域の年間沈下量と累積沈下量、沈下の範囲、層別沈下量と沈下速度、沈下による建物等への影響,動植物・・・・・・・・動物、植物の分布(とくに希少な種)、生態系調査,B,地表水状況の調査事項に天然ガスの分布は含まれません。天然ガスは別の調査項目です。,環境影響評価技術指針,標準
197,トンネル,2015,覆工コンクリートの打込みに関する記述として、誤っているものをa~dのなかから選びなさい。,コンクリートの打込みに先立ち、コンクリートの品質を低下させないよう型枠内の清掃を行い、湧水や溜り水がある場合は適切な排水を行わなければならない。,コンクリートの打込みは、材料の分離を生じないよう、また隅々に行きわたり空隙が残らないよう十分に締め固めなければならない。,コンクリートは、打上がりが適切な速度となるように、また覆工の左右均等に連続して打込まなければならない。,コンクリートの打上がり速度を速くすると、締め固め効果が向上する傾向がある。,D,コンクリートの打上がり速度を速くすると、締め固めが不十分になり品質が低下する傾向があります。,トンネル標準示方書,標準
198,トンネル,2015,トンネルの変状に関する坑内調査項目・方法に関する記述として、誤っているものをa~dのなかから選びなさい。,ひび割れ・・・位置、形態、規模、パターン、進行性、剥離・剥落等・・・目視観察、打音検査、写真撮影、ボーリング、超音波、ひび割れ計、スケール・ノギス等,変形・・・断面形状、内空変位量、地中変位量、盤膨れ、沈下量等・・・断面測定器、内空変位計、地中変位計、水準測量等,構造欠陥・・・覆工厚、背面空洞、路盤下空洞、覆工材質等・・・ボーリング、電磁波法、目視検査、打音検査、土砂流入調査等,材料劣化・・・位置、強度、中性化深さ、材質等・・・目視観察、打音検査、写真撮影、非破壊検査、強度試験、pH試験、中性化試験、化学分析等,C,構造欠陥の調査状態の説明が「覆工厚、背面空洞、路盤下空洞、覆工材質等」となっていますが、これは調査項目であり、状態ではありません。,トンネル維持管理便覧,標準
199,トンネル,2015,施工時の坑内安全点検項目・内容に関する記述として、誤っているものをa~dのなかから選びなさい。,地山・・・・・切羽における浮石や亀裂等の有無、未覆工区間の変状の有無、可燃性ガスや有毒ガスの発生の有無、および湧水の状態、地表面の変状の有無等,支保工・・・・吹付けコンクリートのひび割れ、および剥離の有無、ロックボルトの定着状態、プレートの変形、ボルトの破断、鋼製支保工の沈下および変形等,作業環境・・・温度、炭酸ガス、視界、通気量、排ガス、SS濃度、粉じん濃度、振動および騒音等,機械、設備・・通路、機械、設備・・通路、運搬路、軌道、走行車両、換気設備、照明設備、排水設備、連絡通報設備、緊急避難設備および救護用具等の整備状況等,C,作業環境の点検項目にSS濃度は含まれません。SSは浮遊物質の指標で、坑内作業環境の点検項目としては適切ではありません。,トンネル工事安全指針,標準
200,トンネル,2015,覆工コンクリートの特性に関する記述として、誤っているものをa~dのなかから選びなさい。,覆工コンクリートには、過大な荷重が作用した場合の変状に伴うひび割れとは別に、主としてコンクリートの収縮ひずみが外部拘束されるために生ずるせん断応力に伴うひび割れがある。,覆工コンクリートに収縮ひずみが発生する要因には、コンクリートの硬化温度の降下による温度収縮がある。,覆工コンクリートに収縮ひずみが発生する要因には、トンネル内温度の降下による温度収縮がある。,覆工コンクリートに収縮ひずみが発生する要因には、トンネル内湿度の低下による乾燥収縮とコンクリート硬化時の自己収縮がある。,A,コンクリートの収縮ひずみが外部拘束される場合に生じるのは引張応力であり、せん断応力ではありません。,トンネル標準示方書,標準
201,トンネル,2015,覆工コンクリートの養生に関する記述として、誤っているものをa~dのなかから選びなさい。,打ち終わったコンクリートに十分な強度を発現させ、所要の耐久性、水密性等、品質を確保するためには、打込み後一定期間中、コンクリートを適当な温度および湿度に保つ必要がある。,コンクリート養生期間は、振動をあたえワーカビリティを促進する必要がある。,坑内は、坑口付近を除いて温度が安定しており、湿潤状態に保たれているので、一般には付加的な養生は行われていない。,坑口付近は、外気の影響を受けやすいため、ここでの覆工は明り構造物と同じように養生を行うなどの配慮が必要である。,B,コンクリート養生期間中は振動を与えてはいけません。振動はコンクリートの品質を損なう原因となります。,トンネル標準示方書,標準
202,トンネル,2015,インバートコンクリートの施工に関する記述として、誤っているものをa~dのなかから選びなさい。,支保工や覆工コンクリートの脚部とインバートとの打継ぎ目は、トンネルの断面のうち、最も弱点となりやすいので、吹付けコンクリートのはね返り材等の異物を除去するとともに、インバートの掘削面は十分に清掃を行い、ずりや異物等がコンクリートに混入しないように留意しなければならない。,インバートコンクリートの表面の整形は、定規を使用して仕上げるが、覆工との間に小半径の曲線が入るインバート形状の場合には、仕上がり面が急なので上型枠を用いて打ち込むこともある。,打込み後、インバートを埋め戻す場合や車両等の通行に供する場合は、コンクリートが埋め戻し土や転圧作業の荷重あるいは輪荷重等の載荷に支障のない強度に達してから行わなければならない。,覆工コンクリートとの打ち継ぎ目、およびインバートコンクリートの中央付近に設ける打継ぎ目は、せん断力を円滑に伝達できるように、原則としてインバートの軸線と直交するように設けなければならない。,D,インバートの打継ぎ目は、せん断力の伝達を考慮して、インバートの軸線と平行に設けるのが原則です。,トンネル標準示方書,標準
203,トンネル,2015,坑外仮設備に関する組み合わせとして、誤っているものをa~dのなかから選びなさい。,ずりビン・・・・・・受ビン、ベルトコンベア、フィーダー,セメントサイロ・・・・・・スクリューコンベア、クラムシェル,受電設備・・・・・・・・・高圧線路引込線、高圧受電盤、変圧器,照明設備・・・・・・・・・低圧電線路、坑外設備照明,B,セメントサイロの主要内容にクラムシェルは含まれません。クラムシェルは掘削機械の一種です。,トンネル工事仕様書,標準
204,トンネル,2015,施工時の支保工変更に関する組み合わせとして、誤っているものをa~dのなかから選びなさい。,吹付けコンクリート・・・・・厚さ、材質等の変更,ロックボルト・・・・・・・・有無、長さ、本数、耐力、定着材、定着方式等の変更,鋼製支保工・・・・・・・・・有無、寸法、建込み間隔、材質等の変更,インバート・・・・・・・・・有無、形状、施工時期、材質等の変更,A,吹付けコンクリートの変更内容に「材質等の変更」は含まれません。通常は厚さの変更が主な変更項目です。,山岳トンネル設計・施工標準,標準
205,トンネル,2015,道路トンネルの付属施設に関する記述として、誤っているものをa~dのなかから選びなさい。,道路トンネルでは、とくに換気施設、非常用施設等のトンネル付属施設の計画が道路の交通量、トンネルの延長および平面線形と密接な関係がある。,トンネルの坑口位置、縦断線形を決めるときには、換気所、換気坑の位置、規模を含めた換気ならびに非常用施設の概略の設計を行い、工費、施工性、維持管理費等についての総合的な比較検討を行わなければならない。,長大トンネルでは、経済的な換気を行うために、換気所や換気坑等の位置がトンネルの線形を決定するような場合もある。,照明施設計画では、出入口部の緩和照明に関する費用が大きな比重を占めるため、あまりに短いトンネル群にするとかえって不経済になることもある。,D,短いトンネル群では出入口部の緩和照明が頻繁に必要となるため、かえって経済的でない場合があります。記述は正しいです。,道路トンネル技術基準,標準
206,トンネル,2015,トンネルの内空断面に関する記述として、誤っているものをa~dのなかから選びなさい。,トンネルの内空断面は、その用途に適した必要断面を包含し、トンネルの安定性および施工性を考慮したうえで、合理的な形状寸法を決定しなければならない。,道路トンネルや鉄道トンネルでは、通常その種別や等級等によって建築限界が定められている。内空断面は、この建築限界の外に換気施設、照明施設、排水管路、非常用施設、標識等のための空間を確保したうえ、施工誤差等に対する若干の余裕を見込んで決定しなければならない。,道路トンネルや鉄道トンネルでは、平面線形によって横断勾配やカントが変化し、建築限界が変わるので、これも考慮しなければならない。,上下水道等の水路トンネルでは、通水量の将来の増加予想を考慮して内空断面を決定する。,D,水路トンネルでは将来の増加予想ではなく、計画通水量に基づいて内空断面を決定します。,トンネル標準示方書,標準
207,トンネル,2015,膨張性地山に関する記述として、誤っているものをa~dのなかから選びなさい。,膨張性地山には、岩石強度をはるかに越える応力による塑性流動化を原因として内空断面が縮小する地山(スクイージング地山、押し出し性地山とも呼ばれる)がある。,膨張性地山には、水に伴う岩石の体積膨張を原因として内空断面が縮小する地山(スウェリング地山)がある。,膨張性地山は、単に岩石の種類や性質のみではなく、土被り圧による応力や褶曲構造等による地質構造的な応力との関連も大きく、同一基準によって膨張の大小を判定できないことが多い。,膨張性地山は、白亜紀以降の泥岩や凝灰岩、断層部の粘土、破砕帯、温泉余土、蛇紋岩等でみられることが多い。,D,膨張性地山は白亜紀以降に限定されるものではなく、より古い地質時代の岩石でもみられることがあります。,山岳トンネル設計・施工標準,標準
208,トンネル,2015,トンネル施工時の計測管理基準と安全管理体制に関する記述として、誤っているものをa~dのなかから選びなさい。,通常体制・・・・定時計測,注意体制・・・・計測頻度強化、現場点検、作業員への注意強化,要注意体制・・・計測体制の強化、軽微な対策工の実施,厳重注意体制・・施工の停止検討、変状要因・傾向の解析、トンネル補強の検討,C,要注意体制では「軽微な対策工の実施」ではなく「対策工の検討・実施」が正しい表現です。,山岳トンネル設計・施工標準,標準
209,トンネル,2015,TBM工法の掘進に関する記述として、誤っているものをa~dのなかから選びなさい。,TBMの特性上、トンネル線形の施工後の修正はほとんど不可能であるため、計画線からの離れを早期に把握して、TBM軌道の修正を遅滞なく行う必要がある。,計画線形を逸脱する要因として、TBM本体のピッチング、ヨーイングおよびローリングがあり、これらは地山の抵抗、ジャッキの操作、個々のTBMのもつ運動性能、地質の変化および測量の誤差等の複合した原因によることが多い。,ヨーイングが発生すると施工能率が低下し、TBM構造によってはベルトコンベヤー等の作動が困難になり、掘削土の排出ができなくなるなどの問題が生じることがある。,安定した高速掘進を持続するためには、地山の挙動、機械の性能、施工状況をリアルタイムに把握することが必要である。掘進にあたっては、掘進速度、推力、トルク、カッターヘッド回転速度およびずり取込み量等の地山状態に対応した最適掘進性能を把握することが重要である。,C,ヨーイングは左右方向の偏向であり、ベルトコンベヤーの作動には直接的な影響を与えません。ローリングの方がベルトコンベヤー等に影響を与えやすいです。,TBM工法設計・施工指針,標準
210,建設環境,2015,コスト等検証委員会報告書(エネルギー・環境会議コスト等検証委員会平成23年12月)における2030年のモデルプラントの試算結果として最も発電コストの低い発電方法とされているものはどれか。,原子力,太陽光(メガソーラー),一般水力,地熱,C,一般水力発電が最も発電コストが低いとされた,コスト等検証委員会報告書,標準
211,建設環境,2015,大気の汚染に係る環境基準について規定されている物質と測定方法の組み合わせとして正しいものはどれか。,二酸化硫黄-ザルツマン試薬を用いる吸光光度法,一酸化炭素-非分散型赤外分析計を用いる方法,光化学オキシダント-濾過採集による重量濃度測定方法,浮遊粒子状物質-中性ヨウ化カリウム溶液を用いる吸光光度法,B,一酸化炭素は非分散型赤外分析計で測定,大気汚染に係る環境基準,標準
212,建設環境,2015,環境影響評価における環境保全措置として誤っているものはどれか。,代償措置,回避,最大化,低減,C,最大化は環境保全措置ではない,環境影響評価法,基本
213,建設環境,2015,騒音に係る環境基準において「道路に面する地域」の特例である「幹線交通を担う道路に近接する空間」の幹線交通を担う道路の定義として誤っているものはどれか。,都道府県道,高速自動車国道,4車線以上の市町村道,2500台/日以上の交通量がある道路,A,都道府県道は幹線交通を担う道路ではない,騒音に係る環境基準,標準
214,建設環境,2015,騒音規制法に基づいて定められた特定建設作業に該当する可能性がある作業として誤っているものはどれか。,バックホウを使用する作業,トラクターショベルを使用する作業,ダンプトラックを使用する作業,ブルドーザーを使用する作業,C,ダンプトラックは特定建設作業に該当しない,騒音規制法,標準
215,建設環境,2015,大気汚染法に関する記述として誤っているものはどれか。,大気の汚染に係る環境基準は工業専用地域車道その他一般公衆が通常生活しない地域又は場所については適用しない,大気汚染物質の発生源として規制の対象となっている施設はばい煙発生施設一般粉じん発生施設特定粉じん発生施設等であり自動車は含まれない,二酸化窒素の環境基準は「1時間値の1日平均値が0.04ppm~0.06ppmまでのゾーン内又はそれ以下であること」とされている,二酸化硫黄浮遊粒子状物質については1時間値の1日平均値とともに1時間値の基準が示されている,B,自動車も規制対象に含まれる,大気汚染防止法,標準
216,建設環境,2015,我が国における騒音関連の環境基準に関する記述として誤っているものはどれか。,騒音に係る環境基準は地域の類型及び時間の区分ごとに設定されている,環境基準達成状況の評価は「個別住居等が影響を受ける騒音レベルによることを基本」とされている,鉄道騒音については新幹線について環境基準が定められている,航空機騒音に係る環境基準は地域の類型及び時間の区分ごとに設定されている,D,航空機騒音は地域類型は設定されているが時間区分はない,騒音に係る環境基準,標準
217,建設環境,2015,平成25年4月に全面施行となった改正環境影響評価法に関する記述として誤っているものはどれか。,評価書等についての電子縦覧の義務化,方法書段階での説明会開催の義務化,準備書の手続きの新設,環境保全措置の結果の報告・公表の義務化,C,新設されたのは配慮書の手続き,改正環境影響評価法,標準
218,建設環境,2015,再生可能エネルギーに該当しないものはどれか。,太陽熱,天然ガス,地熱,洋上風力,B,天然ガスは化石燃料で再生可能エネルギーではない,再生可能エネルギー,基本
219,建設環境,2015,環境マネジメントシステムに関する記述として誤っているものはどれか。,組織や事業者がその運営や経営の中で自主的に環境保全に関する取組を進めるにあたり環境に関する方針や目標を自ら設定しこれらの達成に取り組んでいくことを「環境マネジメント」という,国際規格のISO14001環境省が策定したエコアクション21がこれに該当する,環境マネジメントシステムの取り組み状況について客観的な立場からチェックを行うことを「環境管理」という,PDCAサイクルを繰り返すことにより環境マネジメントのレベルを継続的に改善していく仕組みである,C,正しくは「環境監査」,環境マネジメントシステム,標準
220,建設環境,2015,平成21年4月に改正された土壌汚染対策法に関する記述として誤っているものはどれか。,3000m2以上の土地の形質変更の届出の際に土壌汚染のおそれがあると都道府県知事が認めるときの調査の実施を規定している,土地の形質変更等を行う企業等に自主調査を義務づけ土壌汚染が判明した場合の土地所有者等による都道府県知事への区域指定の申請について規定している,汚染が基準を超過している場合土地の形質変更時に届出が必要な「形質変更時要届出区域」と対策が必要な「要措置区域」の指定と必要な対策内容について規定している,汚染土壌処理業の許可制度の新設による汚染土壌への適正処理の確保などを規定している,B,自主調査を義務づけるのではなく任意の制度,改正土壌汚染対策法,標準
221,建設環境,2015,平成25年度の我が国の大気汚染の環境基準達成状況に関する記述として誤っているものはどれか。,微小粒子状物質の環境基準の達成率は一般環境大気測定局自動車排出ガス測定局いずれも90%台以上と近年改善傾向にある,環境基準が定められている物質のうち光化学オキシダントの基準達成が極めて低い状況にあり一層の対策が求められている,二酸化窒素は近年全ての一般環境大気測定局で環境基準を達成する状況にある,二酸化硫黄は達成率が高く近年良好な状況が続いている,A,微小粒子状物質の達成率は90%台未満,大気汚染の環境基準達成状況,標準
222,建設環境,2015,ヒートアイランド現象の原因として適切でないものはどれか。,温室効果ガスの増加,人工排熱の増加,地表面被覆の人工化,密集した建物による風通しの阻害や天空率の低下,A,温室効果ガスはヒートアイランド現象の直接的原因ではない,ヒートアイランド現象,標準
223,建設環境,2015,環境未来都市構想に関する記述として誤っているものはどれか。,環境未来都市構想は限られた数の特定の都市を環境未来都市として選定し21世紀の人類共通の課題である環境や超高齢化対応などに関し技術・社会経済システム・サービス・ビジネスモデル・まちづくりにおいて世界に類のない成功事例を創出することを目指している,環境未来都市構想の基本コンセプトは「環境・超高齢化対応等に向けた生態系中心の新たな価値を創造する都市」を実現することである,環境未来都市構想は(1)構想全体(効果的な推進の視点)(2)各都市(取組全体の経営の視点)(3)各取組(進捗管理の視点)の3つのレベルのプロジェクトマネジメントにより進められる,環境未来都市構想は「東日本大震災からの復興の基本方針」に基づき復興にも貢献するものであるとの考え方から全11都市・地域のうち被災地である岩手県宮城県福島県から6都市・地域が選定されている,B,正しくは「人間中心」の新たな価値,環境未来都市構想,応用
224,建設環境,2015,環境影響評価法に基づく環境影響評価手続きの流れの各段階で作成する文書の順序として正しいものはどれか。,準備書-配慮書-方法書-評価書-報告書,準備書-方法書-評価書-配慮書-報告書,方法書-準備書-評価書-配慮書-報告書,配慮書-方法書-準備書-評価書-報告書,D,配慮書→方法書→準備書→評価書→報告書の順序,環境影響評価法,標準
225,建設環境,2015,平成25年7月に施行された種の保存法の改正項目として誤っているものはどれか。,罰則の強化,広告に関する規制の強化,認定保護増殖事業の特例の削除,目的規定に「生物の多様性の確保」を加えること等の追加,C,認定保護増殖事業の特例は新設されたもの,種の保存法,標準
226,建設環境,2015,平成26年6月に施行された外来生物法の改正内容として誤っているものはどれか。,外来生物の定義を改め特定外来生物が交雑して生じた生物についても特定外来生物に指定できるようにした,防除の推進に資する学術研究のための特定外来生物の放出については環境大臣等が許可できるようにした,輸入物資に付着・混入している特定外来生物の消毒方法の基準を定めるとともに環境大臣等が輸入者に対し消毒等の措置を命令できるようにした,生態系人の生命・身体農林水産業へ被害を及ぼす疑いがあるか実態がよく分かっていない海外起源の外来生物を「特定外来生物」に追加した,D,新たに追加されたのは「未判定外来生物」,外来生物法,標準
227,建設環境,2015,生物多様性国家戦略2012-2020の改定の目的やポイントの記述として誤っているものはどれか。,生物多様性条約第10回締約国会議(COP10)において採択された愛知目標の達成に向けた我が国のロードマップを示した,東日本大震災を踏まえた今後の自然共生社会のあり方を示した,生物多様性の危機として遺伝子操作など「人為的な遺伝子撹乱による危機」を第4の危機として位置づけた,生態系サービスの需給関係にある地域を「自然共生圏」として捉え生態系の保全・回復等の取組を地域間の連携・交流により進めていく考え方を提示した,C,「人為的な遺伝子撹乱による危機」は位置づけられていない,生物多様性国家戦略,応用
228,建設環境,2015,平成23年9月に施行された生物多様性地域連携促進法の記述として正しいものはどれか。,国は「地域連携保全活動の促進に関する基本方針」に基づき「地域連携保全活動計画」を定めることとしている,国の支援として自然公園法種の保存法鳥獣保護法森林法等に係る許認可手続きを省略出来る特例措置が定められている,都道府県及び政令指定都市は「地域連携保全活動協議会」を組織し関係者間の合意形成を図る場として活用することを定めている,市町村は関係者の連携・協力のあっせん専門家の紹介など活動を支援するための「地域連携保全活動センター」を新たに設置することが義務付けられている,B,国の支援として許認可手続きの特例措置が定められている,生物多様性地域連携促進法,応用
229,建設環境,2015,平成24年6月に施行された水質汚濁防止法の改正項目として誤っているものはどれか。,監視項目の追加(有害物質の流出による地下水汚染が頻発しているトリクロロエチレンジクロロメタン四塩化炭素を新たな監視項目として追加した),対象施設の拡大(有害物質を貯蔵する施設等の設置者は施設の構造等について都道府県知事等に事前に届け出なければならないこととした),構造等に関する基準遵守義務(有害物質の使用貯蔵等を行う施設の設置者は構造等に関する基準を遵守しなければならないこととしまた都道府県知事等は当該施設が基準を遵守していないときは必要に応じ命令できることとした),定期点検の義務の創設(有害物質の使用貯蔵等を行う施設の設置者は施設の構造・使用の方法等について定期に点検しなければならないこととした),A,監視項目として追加されたのではなく規制対象物質として追加,改正水質汚濁防止法,標準
230,建設環境,2015,平成26年11月に閣議決定された自然再生基本方針の第2回見直しのポイントとして誤っているものはどれか。,自然再生の本格実施に伴う課題の解決(自然再生の取組の継続性確保という課題に対し関係省庁からの継続的な予算措置の確保が必要であるとした),自然再生の広域的取組への展開(広域的取組の推進に向け地域住民等が行う小さな自然再生や民間団体が主導する取組を各地に広げていくことが必要であるとした),東日本大震災を踏まえた自然再生(森・里・川・海のつながりを意識しながら生態系の回復状況をモニタリングし自然再生の手法や体制を検討していくことが重要であるとした),自然環境学習の推進(自然環境学習の計画的継続的な実施に向け学校側のニーズや指導計画を踏まえた学習プログラムの作成が重要であるとした),A,継続性確保の課題に対する対策として必要とされているのは予算措置だけでなく多様な主体の参画等も含まれる,自然再生基本方針,応用
231,建設環境,2015,平成24年10月に施行された環境教育等促進法の改正内容として誤っているものはどれか。,環境教育や協働取組等を推進するための行動計画の作成と地域協議会の設置を地方公共団体の努力義務として位置づけた,国及び地方公共団体は教育活動を通じて体系的な環境教育が行われるよう参考となる資料等の情報の提供教材の開発その他の必要な措置を講じるとともに研修等教育職員の資質の向上のための措置を講ずるものとした,環境教育に係る人材認定等事業の登録要件として新たな資格制度を創設した,自然体験活動等の機会の場を提供する仕組みとして知事による認定制度を導入した,C,新たな資格制度の創設ではなく登録制度が導入された,環境教育等促進法,標準
232,建設環境,2015,景観法の記述として正しいものはどれか。,景観法に準じた「景観計画区域」は都市計画区域内に設定する,景観法に準じて設置される「景観整備機構」は行政住民公共施設管理者等が協議を行い景観に関するルールづくりを行う役割を担う,都市計画の手法を活用してより積極的に良好な景観の形成を図る地区として「景観地区」を設定できる,「景観計画」は景観協議会が主体となって策定する,C,景観地区は都市計画の地域地区として設定できる,景観法,標準
233,建設環境,2015,平成26年3月に改定された美しい山河を守る災害復旧基本方針に示される災害復旧のポイントとして誤っているものはどれか。,当該箇所の河道特性を踏まえ被災原因の分析環境の把握を行う,河岸・水際部と護岸を区別し護岸工法を選定する,重要種が生息・生育・繁殖する可能性が高い場合にはその移植について特別な配慮を行う,保全すべき環境要素がある場合にはこれを改変しないことを原則とする,C,移植ではなく保全に配慮を行う,美しい山河を守る災害復旧基本方針,応用
234,建設環境,2015,平成26年7月に改定された自然公園等施設技術指針(環境省)に示される施設の計画・設計の基本方針に関する記述として誤っているものはどれか。,景観の主役となる施設のデザインにあたっては周辺景観と調和する意匠・色彩の選定に十分配慮する,利用のための施設(ハード)はソフト(管理運営や情報提供)と一体となることでより効果を発揮することを認識する,維持管理負担を軽減させるためシンプルで無駄のない管理動線や施設の集約など施設の規模や配置を工夫する,イニシャルコストとランニングコストを合わせたライフサイクルコストの削減のため耐久性の向上や容易に更新できる構造等を検討し施設の規模構造材料等の選定を行う,A,景観の主役は自然であり施設は脇役となるよう配慮する,自然公園等施設技術指針,応用
235,建設環境,2015,風力発電所の環境影響評価のポイントと参考事例(環境省)に示される風力発電所の環境影響に関する特性として誤っているものはどれか。,供用時においてはとりわけ動物(鳥類)が風車の羽(ブレード)に衝突するバードストライクの影響が懸念され例えばオジロワシの主な傷病要因の一つにもなっている,シャドーフリッカーとは低周波騒音の一種であり風力発電設備のブレードの回転に伴い発生する風力発電所の近隣では地域住民がシャドーフリッカーによる健康被害を訴える事例が発生している,洋上風力発電は施設建設における杭打設時の「水中音」により影響が生じる可能性があるほか杭打ち時の打設音は近傍では魚類に損傷を与えるレベルに近いことから魚類に対して影響を及ぼす懸念がある,風力発電所は相当の高さがあり稜線上海岸岬高原島嶼など見通しのよい場所に設置される場合が多いことから景観への影響が無視できない,B,シャドーフリッカーは光による影響で低周波騒音ではない,風力発電所の環境影響評価,標準
236,建設環境,2015,湖沼等の水質解析に用いる数値シミュレーションモデルの説明として誤っているものはどれか。,平面2次元モデルは中期的(1~数十年)な水理・水質の予測が可能であるが成層化する湖沼には適さない,鉛直2次元モデルはダム湖等の水質解析に適し支川が枝分かれするような形状が比較的複雑な条件でもある程度適用可能である,3次元モデルは密度流の生じる湖沼や大水深の湖沼に適しているが局所的な水理・水質現象を表現するモデルとしては不向きである,ボックスモデルは長期的な水質予測が可能であるが全層混合を仮定しているため成層化する湖沼には適さない,C,3次元モデルは局所的な現象の表現にも適している,水質解析モデル,応用
237,建設環境,2015,エコロジカル・ネットワークの説明として誤っているものはどれか。,核となる地域(コアエリア)及びその地域の外部との相互影響を軽減するための緩衝地域(バッファーゾーン)を適切に配置保全することが重要である,よく手入れされた里地里山・田園地域はエコロジカル・ネットワークにおける典型的なコアエリア(核となる地域)として位置づけられる,生物の分散・移動を可能として個体群の交流を促進し種や遺伝的な多様性を保全するためこれらの生物の生息・生育地をつなげる生態的な回廊(コリドー)を確保することが重要である,里山のように細分化された土地利用がモザイク状に入り組んでいる地域における生態系の豊かさについても積極的に評価する必要があるこのようなモザイクを全体として一つの固まりと捉えたほうが合理的な場合もある,B,よく手入れされた里地里山はコアエリアとバッファーゾーンの中間的位置づけ,エコロジカル・ネットワーク,応用
238,建設環境,2015,土壌汚染対策法に関する語句の記述として誤っているものはどれか。,「要措置区域」とは土壌汚染の摂取経路があり健康被害が生ずるおそれがあるため汚染の除去等の措置が必要な区域のことをいう,「措置等不要区域」とは土壌汚染の摂取経路がなく健康被害が生ずるおそれがないため汚染の除去等の措置が不要な区域のことをいう(摂取経路の遮断が行われた区域を含む),「有害物質使用特定施設」とは水質汚濁防止法第2条第2項の特定施設であって特定有害物質をその施設において製造し使用し又は処理する施設のことをいう,「特定有害物質」とは土壌や地下水に含まれることが原因で人の健康に被害を生ずるおそれがある有害物質のことで鉛や砒素等土壌汚染対策法施行令で平成25年3月末現在25物質が定められている,B,正しくは「形質変更時要届出区域」,土壌汚染対策法,標準
239,建設環境,2015,環境影響評価に係る配慮書の作成において「複数案設定にあたっての留意点」に関する記述として誤っているものはどれか。,計画段階配慮事項の検討にあたっては第一種事業に係る位置・規模又は建造物等の構造・配置に関する適切な複数案を設定することを基本とする,計画段階配慮において設定する複数案は事業の目的の達成が可能なものであれば必ずしも全てが環境影響評価法の対象事業種対象規模に該当しなくても良い,位置・規模の複数案の設定が困難な場合とは1立地条件等から他の位置・規模での事業実施が不可能あるいは事業目的が達成できない場合2既に上位計画で事業位置・規模が決定している場合などが想定される,計画熟度が低く施設規模すらも決まっていないような段階に計画段階配慮を実施する場合には原則として最も確度の高い想定事業案を対象として検討を行う,D,計画熟度が低い場合は複数案の設定を基本とする,配慮書の作成,応用
240,都市計画及び地方計画,2015,ストラクチャープラン(Structure Plan)ローカルプラン(Local Plan)ユニタリーディベロップメントプラン(Unitary Development Plan)の3つのマスタープランを策定する都市計画制度をもつ国はどれか。,アメリカ,イギリス,ドイツ,フランス,B,イギリスの都市計画制度の特徴,都市計画の国際比較,標準
241,都市計画及び地方計画,2015,都市計画地方委員技師として戦前の名古屋都市計画の基盤をつくりその後東京都建設局長として東京の戦中の都市計画戦後の東京戦災復興計画の中心的役割を担った人物はどれか。,石川栄耀,後藤新平,丹下健三,高山栄一,A,石川栄耀は名古屋・東京の都市計画に貢献した技師,日本都市計画史,標準
242,都市計画及び地方計画,2015,国土利用計画法による土地利用基本計画に定める地域として誤っているものはどれか。,都市地域,農業振興地域,森林地域,自然公園地域,B,農業振興地域は農振法に基づく地域で土地利用基本計画の5地域には含まれない,国土利用計画法,標準
243,都市計画及び地方計画,2015,準都市計画区域についての記述として正しいものはどれか。,準都市計画区域において都市計画税の徴収を行った,市町村が準都市計画区域の指定を行った,準都市計画区域において地区計画制度を適用した,準都市計画区域において景観地区の指定を行った,C,準都市計画区域では地区計画制度の適用が可能,都市計画法,標準
244,都市計画及び地方計画,2015,都市計画法による都市施設として誤っているものはどれか。,流通業務団地,火葬場,墓園,鉄道駅,A,流通業務団地は都市施設ではなく市街地開発事業,都市計画法,標準
245,都市計画及び地方計画,2015,津波防災地域づくりに関する法律に関する記述として誤っているものはどれか。,国土交通大臣は津波防災地域づくりの推進に関する基本的な指針を定めなければならない,都道府県知事は津波浸水想定を設定し公表するものとする,都道府県は一定の開発行為・建築を制限すべき区域として「津波災害警戒区域」を指定することができる,市町村は津波浸水想定を踏まえ津波防災地域づくりを総合的に推進するための計画(推進計画)を作成することができる,A,津波防災地域づくりの基本指針は国土交通大臣ではなく内閣総理大臣が定める,津波防災地域づくりに関する法律,標準
246,都市計画及び地方計画,2015,都市計画運用指針における都市計画区域マスタープランの記述として誤っているものはどれか。,都市計画区域マスタープランは当該都市の発展の動向当該都市計画区域における人口産業の現状及び将来の見通し等を勘案して中長期的視点に立った都市の将来像を明確にするとともにその実現に向けての大きな道筋を明らかにする当該都市計画区域における都市計画の基本的な方向性を示すものとして定められるべきである,広域自治体である都道府県が都市計画区域マスタープランを定める場合には広域的観点から保全すべき緑地の配置や大規模集客施設の立地等広域的課題の市町村間の調整を図るため都道府県が主体となって複数市町村にまたがる都市計画区域における市町村間の合意形成に努めるべきである,都市計画区域マスタープランにおいてはおおむね20年後の都市の姿を展望した上で都市計画の基本的方向が定められることが望ましい,市街化区域のうちおおむね10年以内に市街化を図るべき区域に関連する事項については20年後の将来予測を行った上で定められることが望ましい,D,市街化区域は既に市街化を図るべき区域であり10年以内に市街化を図るべき区域という表現は不適切,都市計画運用指針,標準
247,都市計画及び地方計画,2015,都市計画法第7条で規定する「区域区分」に関する記述として誤っているものはどれか。,首都圏整備法に規定する既成市街地又は近郊整備地帯を含む都市計画区域は区域区分を定める,中部圏開発整備法に規定する都市整備区域を含む都市計画区域は区域区分を定める,区域区分とは都市計画区域について無秩序な市街化を防止し計画的な市街化を図るため必要があるときは都市計画に市街化区域と市街化調整区域とを区分することである,市街化調整区域は市街化を優先的かつ計画的に図る区域である,D,市街化調整区域は市街化を抑制すべき区域,都市計画法,標準
248,都市計画及び地方計画,2015,都市計画運用指針のなかで土地利用密度の低い住宅用地における人口密度の設定数値として正しいものはどれか。,200人/ha以上,100人/ha以上,80人/ha以上,60人/ha以上,D,土地利用密度の低い住宅用地では60人/ha以上,都市計画運用指針,標準
249,都市計画及び地方計画,2015,高度地区に関する記述として誤っているものはどれか。,高度地区は都市の合理的土地利用計画に基づき将来の適正な人口密度交通量その他都市機能に適応した土地の高度利用及び居住環境の整備を図ることを目的として定める地域地区である,高度地区は建物の最高限度及び最低限度を同時に定めることはできない,建築物の高さの最低限度を定める高度地区については市街地中央部の商業用地や駅前広場周辺等の特に土地の高度利用を図る必要がある地区について指定するのが望ましい,準都市計画区域については高度地区を定めることができる,B,高度地区では最高限度と最低限度を同時に定めることができる,都市計画法,標準
250,都市計画及び地方計画,2015,都市再生特別措置法に基づく立地適正化計画制度に関する記述として誤っているものはどれか。,立地適正化計画の区域は市街化区域でなければならない,立地適正化区域内に居住誘導区域と都市機能誘導区域の双方を定めると共に居住誘導区域の中に都市機能誘導区域を定めることが必要である,都市機能誘導区域は医療・福祉・商業等の都市機能を都市の中心拠点や生活拠点に誘導し集約することによりこれらの各種サービスの効率的な提供を図る区域である,居住誘導区域は人口減少の中にあっても一定エリアにおいて人口密度を維持することにより生活サービスやコミュニティが持続的に確保されるよう居住を誘導すべき区域である,B,居住誘導区域の中に都市機能誘導区域を定める必要はない,都市再生特別措置法,標準
251,都市計画及び地方計画,2015,景観法により景観地区において必ず定めるものとされている事項はどれか。,建築物の敷地面積の最低限度,建築物の形態意匠の制限,建築物高さの最高限度又は最低限度,壁面位置の制限,B,景観地区では建築物の形態意匠の制限を必ず定める,景観法,標準
252,都市計画及び地方計画,2015,都市における望ましい道路配置の考え方に関する記述として正しいものはどれか。,自動車専用道路は他の都市計画道路とは平面交差とする,幹線街路は主要幹線街路都市幹線街路補助幹線街路区画街路に区分して計画する,幹線街路が区画街路と接続する場合には区画街路を極力分散して接続する,歩行者専用道等は緑化溜りの空間に配慮して計画を定める,D,歩行者専用道等では緑化や溜り空間への配慮が重要,都市計画運用指針,標準
253,都市計画及び地方計画,2015,大規模開発地区関連交通計画の地区発生集中交通量の予測に関する記述として誤っているものはどれか。,発生集中交通量の予測は自動車二輪車徒歩鉄軌道系バスの手段別に行う,事務所ホテルの予測対象交通量は平日交通量である,事務所と商業施設からなる複合建物のうち商業床が全体の30%以下のものについては建物全体を事務所とみなして予測を行う,人の出入り自動車台数および鉄道利用の発生集中交通についてはそれぞれの時間集中率を用いてピーク時交通量を算出する,C,商業床が30%以下でも複合建物として扱う場合がある,大規模開発地区関連交通計画手法,標準
254,都市計画及び地方計画,2015,道路の都市計画に定める事項に関する記述として誤っているものはどれか。,嵩上式の区間とは道路面が地表面よりおおむね5m以上高い区間が350m以上連続している区間をいう,掘割式の区間とは道路面が地表面よりおおむね10m以上低い区間が350m以上連続している区間で地下式の区間以外のものをいう,地下式の区間とは道路が350m以上連続して地下にある区間をいう,地表式の区間とは嵩上式掘割式地下式の区間以外の区間をいう,B,掘割式の区間は道路面が地表面より3m以上低い区間,都市計画法施行令,標準
255,都市計画及び地方計画,2015,交通施設の都市計画の考え方に関する記述として誤っているものはどれか。,都市高速鉄道の計画にあたっては短期的かつ局所的な混雑の解消を重視してその配置規模等の都市計画を定める,自動車駐車場は自動車交通が著しく輻輳している地区などにおいて道路の効用を保持し円滑な道路交通を確保するためその整備を積極的に推進する,自転車駐車場の計画は周辺の市街地の状況自転車の動線改札口までの距離公共交通利用促進等を勘案し位置及び収容台数を定める,トラックターミナルの計画は道路鉄道等他の交通施設や流通業務市街地との整合性を考慮し配置する,A,都市高速鉄道は長期的・広域的な観点から計画すべき,都市計画運用指針,標準
256,都市計画及び地方計画,2015,交通需要マネジメント(TDM)の手法として誤っているものはどれか。,時差出勤,共同集配,路面電車やバスの運行状況の情報,ニュー・パブリック・マネジメント,D,ニュー・パブリック・マネジメントはTDMの手法ではない,交通需要マネジメント,標準
257,都市計画及び地方計画,2015,LRT(Light Rail Transit)の計画立案に関する記述として誤っているものはどれか。,都市交通施策やまちづくり施策ソフト施策をLRT導入計画と一体的に計画する,沿線まちづくりや公共交通指向型開発と連携した路線設定も検討する,道路空間上の地表走行による路線設定だけでなく交差点部における部分立体化幹線道路以外の道路への路線設定も検討する,民間事業者単独の経営採算見込みを検討する,D,LRTは公共性を重視し公的支援を含めた検討が必要,LRT計画ガイダンス,標準
258,都市計画及び地方計画,2015,土地区画整理事業に関する記述として誤っているものはどれか。,施行者には権利制限を伴う事業執行の権能が与えられている,地権者参加型の事業手法である,具体の土地利用は地権者に委ねられている,既成市街地での施行はできない,D,土地区画整理事業は既成市街地でも施行可能,土地区画整理法,標準
259,都市計画及び地方計画,2015,土地区画整理事業の施行者になりうる者として正しいものはどれか。,国土交通大臣,首都高速道路株式会社,独立行政法人中小企業基盤整備機構,住宅・都市整備公団,C,独立行政法人中小企業基盤整備機構は土地区画整理事業の施行者になれる,土地区画整理法,標準
260,都市計画及び地方計画,2015,第一種市街地再開発事業(組合施行)の流れとして正しいものはどれか。,組合設立認可→都市計画決定→権利変換計画認可→権利変換登記→工事実施→組合解散,都市計画決定→組合設立認可→権利変換計画認可→権利変換登記→工事実施→組合解散,都市計画決定→組合設立認可→権利変換登記→権利変換計画認可→工事実施→組合解散,組合設立認可→都市計画決定→権利変換登記→権利変換計画認可→工事実施→組合解散,B,都市計画決定後に組合設立認可権利変換計画認可の順,都市再開発法,標準
261,都市計画及び地方計画,2015,市街化調整区域において許可される開発行為に関する記述として誤っているものはどれか。,周辺居住者の日用品店舗等日常生活に必要な施設の用に供する目的で行う開発行為,農林水産物の処理貯蔵加工のための施設の用に供する目的で行う開発行為,地区計画の内容に適合する開発行為,開発区域の周辺における市街化を促進するおそれがないと認められかつ市街化区域内において行うことが困難又は著しく不適当と認められる開発行為であらかじめまちづくり協議会の議を経たもの,D,まちづくり協議会ではなく都市計画審議会の議を経る必要がある,都市計画法,標準
262,都市計画及び地方計画,2015,都市防災計画に関する記述として誤っているものはどれか。,避難圏域内の各地点から広域避難地までの歩行距離は概ね2km以内とする,一次避難地は誘致距離1km程度とし避難地等のアクセスに配慮して配置する,避難地の周辺において建築物の耐震不燃化を図る区域は周辺の市街地状況及び目標とする有効避難面積確保などを勘案して設定する,火災危険が高い避難路の沿道は避難路の両側に幅20~30m程度で不燃化区域を設定する,B,一次避難地の誘致距離は500m程度,都市防災計画指針,標準
263,都市計画及び地方計画,2015,大規模小売店舗立地法第5条に規定する大規模小売店舗の新設に関する届出に記載する事項として誤っているものはどれか。,大規模小売店舗の新設をする日,大規模小売店舗内の店舗面積の合計,大規模小売店舗の予定売上額,大規模小売店舗において小売業を行う者の開店時刻及び閉店時刻,C,予定売上額は届出事項に含まれない,大規模小売店舗立地法,標準
264,都市計画及び地方計画,2015,緑地協定に関する記述として誤っているものはどれか。,緑地協定は市街化調整区域内では締結できない,緑地協定は対象となる土地の所有者等の全員の合意が必要となる,緑地協定の締結後に新たに当該緑地協定区域内の土地の所有者になった者に対しても効力がおよぶ,緑地協定区域周辺の土地の所有者等は協定の締結後においても当該緑地協定に参加できる,A,緑地協定は市街化調整区域でも締結可能,都市緑地法,標準
265,都市計画及び地方計画,2015,都市公園である公園はどれか。,国営公園,国民公園,国定公園,国立公園,A,国営公園は都市公園法に基づく都市公園,都市公園法,標準
266,都市計画及び地方計画,2015,緑の基本計画に関する記述として正しいものはどれか。,緑の基本計画は都市公園法に基づく計画である,緑の基本計画は都市計画法に基づく計画である,緑の基本計画は景観法に基づく計画である,緑の基本計画は都市緑地法に基づく計画である,D,緑の基本計画は都市緑地法に基づく,都市緑地法,標準
267,都市計画及び地方計画,2015,地区公園に関する記述として正しいものはどれか。,もっぱら街区内に居住する者の利用に供することを目的とする都市公園,主として近隣に居住する者の利用に供することを目的とする都市公園,主として一の市町村の区域を超える広域のレクリエーション需要を充足することを目的とする都市公園,主として徒歩圏内に居住する者の利用に供することを目的とする都市公園,D,地区公園は主として徒歩圏内居住者の利用を目的とする,都市公園法施行令,標準
268,都市計画及び地方計画,2015,都市公園法の立体都市公園制度活用による効果の記述として誤っているものはどれか。,公園施設の都市計画決定を立体的に定めることにより公園の下部空間は他の目的の土地利用が可能となる,公園施設の都市計画決定を立体的に定めることにより公園の上部空間は他の目的の土地利用が可能となる,公園施設の都市計画決定を立体的に定めることにより建築物の屋上や人工地盤上の空間を都市公園として整備することができる,立体都市公園と区域以外の建物とが一体的な構造となるときは公園管理者は建物所有者と協定を締結することにより当該建物の管理を行うことができる,A,立体都市公園制度では公園の上部空間の他目的利用が可能,都市公園法,標準
269,都市計画及び地方計画,2015,都市緑地法において定めることができるものとして誤っているものはどれか。,風致地区,緑地保全地域,緑化地域,緑地協定,A,風致地区は都市計画法に基づき定められる,都市緑地法,標準
270,上水道及び工業用水道,2015,水道事業の地球環境保全の取組に関する記述として誤っているものはどれか。,水道事業に対しては「エネルギーの使用の合理化に関する法律」が平成20年に改正され省エネルギーへの取組が強化されエネルギー利用効率の向上未利用エネルギーの活用など低炭素社会構築への貢献が求められている,水道事業におけるエネルギー利用効率の向上はポンプのインバータ制御ポンプ圧送方式による配水効率的な水運用等によるエネルギー消費抑制がある,水道事業における再生可能エネルギー等の活用としては水輸送の過程で発生する余剰圧力を活用する小水力発電再生可能エネルギーを活用する太陽光発電や風力発電等の導入がある,水道事業者の環境への配慮として省エネルギーの他に廃棄物の減量化再生資源の積極的活用などの資源の有効活用も必要とされている,B,ポンプ圧送方式は自然流下方式に比べてエネルギー消費が大きい,水道事業の環境保全,標準
271,上水道及び工業用水道,2015,水道技術管理者に関する記述として誤っているものはどれか。,水道法では水道事業者水道用水供給事業者又は専用水道の設置者は水道の管理について技術上の業務を担当させるため水道技術管理者一人を置かなければならない,水道法によって水道事業者から水道の管理に関する技術上の業務の委託を受けるものは受託水道業務技術管理者を一人置かなければならない,水道技術管理者の水道の管理に関する技術上の業務は水道施設が水道法第5条の規定による施設基準に適合しているかどうかの検査など8項目であるが供給する水が人の健康を害するおそれがあることを知ったときは直ちに給水を停止しかつその水を使用することが危険である旨を関係者に周知させる措置を講じなければならない(第23条第1項)とする給水の緊急停止は含まない,水道技術管理者については水道法施行規則において厚生労働大臣の登録を受けた者が行う水道の管理に関する講習の課程を修了した者もその資格を有するとされている,C,給水の緊急停止も水道技術管理者の業務に含まれる,水道法,標準
272,上水道及び工業用水道,2015,わが国の水道の種類に関する記述として誤っているものはどれか。,水道事業とは一般の需要に応じて水道により水を供給する事業(給水人口100人以下は除く)である,水道用水供給事業とは水道事業者に対し水道用水を供給する事業である,専用水道とは寄宿舎社宅等の自家用水道等で100人未満の居住者に給水するもの又は1日最大給水量が20m3を超えるものである,上水道事業は県営市町村営組合営私営があり水道用水供給事業は県営市町村営組合営がある,C,専用水道は100人を超える居住者又は1日最大給水量20m3を超えるもの,水道の種類,基本
273,上水道及び工業用水道,2015,地下水の取水に関する記述として誤っているものはどれか。,地下水の開発は十分な地下水賦存量が存在することの確認が前提になる,取水地点の選定は既設の井戸又は集水埋渠の取水に影響を与えない地点また付近の汚濁源の地下浸透による影響を受けない地点としさらに沿海部の場合は海水の影響を受けない地点とし津波の影響も考慮する,採水層は掘削中の地層が変わるごとに採取した地質試料掘削中の泥水の量的質的変化湧水逸水などの有無電気検層結果を参考に決定する,一本の井戸で計画取水量を得る場合の最大揚水量は揚水試験により判断する段階揚水試験により限界揚水量が求められた場合はその70%以下の量を最大揚水量とする,C,採水層ではなく帯水層,地下水取水,標準
274,上水道及び工業用水道,2015,導水施設に関する記述として誤っているものはどれか。,導水施設の計画導水量は計画浄水量を基準とする,導水管を設計する際の平均流速は自然流下式の場合は許容最大限度を3.0m/s程度としポンプ加圧式の場合は経済的な流速とする,導水渠は必要に応じて暗渠とする大断面などでやむを得ず開渠とする場合には汚染防止及び危険防止のための措置を講じる,導水渠の平均流速の許容最大限度は3.0m/s程度許容最小限度は0.3m/s程度とする,A,導水施設の計画導水量は計画一日最大給水量を基準とする,導水施設,標準
275,上水道及び工業用水道,2015,浄水施設の計画に関する記述として誤っているものはどれか。,浄水施設の規模は水道全体の基本計画の中で拡張の見込みまで考慮に入れた適正な値として決定する,水質基準への適合等は給水栓水を対象とした最低限守るべき基準であることを考慮の上水道事業者の自己責任において安全快適な水の供給を目指して浄水水質の水質管理項目と目標値を設定する必要がある,浄水処理方法の選定にはどのような原水水質に対しても浄水水質の管理目標を満足することをはじめ浄水施設の規模や運転制御及び維持管理の技術水準などを考慮する必要がある,浄水施設の選定にあたっては同じ浄水処理方法であっても採用できる施設は条件によって異なってくるため施設の設置スペース運転費維持管理費等のランニングコスト維持管理の確実性容易性及び環境負荷低減技術の選択も考慮する,A,浄水施設の規模は計画一日最大給水量に基づいて決定する,浄水施設の計画,標準
276,上水道及び工業用水道,2015,横流式沈澱池に関する記述として誤っているものはどれか。,沈澱池水流の安定化には池を細長くして流れに直線性を与えることが大切で長さは幅の3~8倍程度とするのが良い,池内の平均流速は0.6m/min以下を標準とする,沈澱池高水位から天端までの余裕高は30cmを標準とする,沈澱池断面に均等に流入流出するよう流出入部及び中間部などに整流壁を設ける整流壁の孔の総面積は流水断面積の6%を標準とする,B,池内の平均流速は0.6m/min以下ではなく0.6m/min程度を標準とする,横流式沈澱池,標準
277,上水道及び工業用水道,2015,急速ろ過池に関する記述として誤っているものはどれか。,1池の面積があまり大きいとろ過ならびに洗浄の平面的均一性を得ることが難しく洗浄設備も大きくなることから一池の面積は150m2程度が限度と考えられる,急速ろ過池には流入・流出流量の平衡必要な砂面上水深の確保ろ過速度の急変回避のためろ過水流出側にバタフライ弁などの流量調節装置が必ず必要である,クリプトスポリジウムにより水道原水が汚染される恐れのある場合は急速ろ過池出口の水の濁度を常時把握しろ過水濁度を0.1度以下としなければならない,急速ろ過池でのクリプトスポリジウム対策としてはろ過水濁度の常時監視のほかろ過再開後一定時間の捨て水ろ過開始時のろ過速度の漸増方式(スロースタート方式)などがある,B,流量調節装置は必須ではない,急速ろ過池,標準
278,上水道及び工業用水道,2015,膜ろ過施設に関する記述として正しいものはどれか。,膜ろ過施設は原水の水質に対し処理目標水質が十分達成できるように必ず前処理設備や後処理設備を設ける,膜材質の選定にあたっては膜特性に十分注意し処理対象水の性状や洗浄方式に合った膜の選定を行う有機膜は無機膜に比較して耐熱性や耐薬品性がよく物理的強度もあるが衝撃に弱い,膜ろ過の水量回収率は膜ろ過設備の回収率と膜ろ過施設全体の回収率とに大別される膜ろ過設備の回収率とは膜ろ過設備への供給水量に対し膜ろ過水量の比を%で示したもので膜ろ過設備の量的処理効率を示す指標である,膜の性能回復のための物理洗浄と薬品洗浄は適切な頻度で行い膜のろ過性能を常に確保すると同時にいたずらに洗浄頻度を高め回収率の低下あるいは薬品洗浄排水の処理頻度の増加等を招かないよう留意する,A,膜ろ過設備の回収率は量的処理効率を示す指標である,膜ろ過施設,標準
279,上水道及び工業用水道,2015,浄水施設のリスク対応に関する記述として誤っているものはどれか。,地震リスク対策は場内の構造物管路設備等の耐震診断や地震被害想定を行い地震の規模によってどの施設がどの程度の被害を受けるか予測し対策案を立てその中から最も効果的な対策から実施することが必要である,停電リスク対策のうち電力確保の方法は非常用・常用自家発電設備の設置に限られる,原水水質悪化リスク対策は水質の現状把握と将来予測水源水質の保全の推進代替水源の確保高度浄水施設導入の検討などである,外部からの侵入やテロ等によるリスクは水源の水質汚染行為浄水場内に侵入しての水質汚染行為及び施設の破壊行為等が考えられリスク対策は浄水場の警備強化バイオアッセイ等による水質管理の徹底水道施設の覆蓋化などである,B,電力確保の方法は自家発電設備以外にも非常用電源確保等がある,浄水施設のリスク対応,標準
280,上水道及び工業用水道,2015,凝集沈澱池の運転や日常点検に関する記述として誤っているものはどれか。,沈澱池の運転に当たってはフロックの沈降状況沈澱スラッジの再浮上の有無などを確認するとともにその結果を凝集や薬品注入に反映し良好な沈澱水が得られるように努める,沈澱池に藻類が発生し後段の処理工程に悪影響を及ぼすおそれがあるときはこれを除去する除去には塩素剤等の薬品による方法もあるが多量に発生した場合は沈澱池を空にして清掃を行うことが必要である,原水の高濁度時や水質異常時には沈澱処理水水質の監視により薬品注入率の変更など原水水質に応じた適切な処理を行う,沈澱池は毎年1回程度は池を空にして内面の清掃付属設備の補修整備を行うことが望ましいリンクベルト方式などのスラッジ掻寄部はすべて水中に没しているため監視や点検などの維持管理がしにくく故障の発見が遅れたりすることがあるので入念に点検・整備するまたスラッジ掻寄機の点検等に併せて流入流出バルブの漏水調査を実施し漏水がある場合には速やかに整備する,D,毎年1回ではなく必要に応じて清掃整備を行う,凝集沈澱池の運転,標準
281,上水道及び工業用水道,2015,水道事業の安全衛生管理に関する記述として誤っているものはどれか。,水道施設は各種の設備で構成されているが設備による災害を防止するためには原因となる設備の状態を排除する物からの対策と行動を改善する人からの対策が安全確保の両輪となる,物からの対策は機械が故障した場合にそのまま事故・故障に結びつくことなく安全を確保する機構(フール・プルーフ)と誤操作の場合でも直接事故に結びつかないような機構(フェイル・セーフ)により失敗→事故→災害発生を未然に食い止め又は被害を最小限にとどめる装置を設けるなどが必要である,人からの対策は日常の作業はもとより点検・整備及び事故・故障時の対応についても方法・手順を定め作業者に周知徹底を図ることが大切である,作業環境管理とは有害要因を工学的な対策によって作業環境から除去し良好な作業環境を維持するための対策である,B,フール・プルーフとフェイル・セーフの説明が逆,安全衛生管理,標準
282,上水道及び工業用水道,2015,排水処理施設に関する記述として誤っているものはどれか。,排水処理施設からの発生ケーキは廃棄物の処理及び清掃に関する法律で「汚泥」に該当し産業廃棄物の取扱いを受ける,浄水能力1000m3/日以上の浄水場の沈澱施設及びろ過施設は水質汚濁防止法に基づき「特定施設」に指定され公共用水域への排水には水質汚濁防止法の排水基準が適用される,排水基準については地方公共団体の条例により水質汚濁防止法の排水基準で定める許容限度より厳しい許容限度を独自に設けることができる,排水処理施設の計画策定にあたっては排水処理に関する諸法令に基づき排水水質のみならず騒音振動大気汚染などの諸法令を遵守できるような措置を講じる必要がある,B,浄水能力ではなく排水量で判定される,排水処理施設,標準
283,上水道及び工業用水道,2015,水質管理に関する記述として誤っているものはどれか。,水道水質が安全で良質であることは定期的な水質検査により確認するほか適切に管理された水道施設から水道水が供給できていると信頼できる体制の構築が求められる,水安全計画とは供給水の安全をより一層高める統合的な水質管理のための計画で食品製造分野で確立されているHACCP(Hazard Analysis and Critical Control Point)の考え方を水道に適用したものである,水道水質は水道法に基づく水質基準のほか水質管理上留意すべき項目を水質管理目標設定項目毒性評価が定まらない物質や水道水中での検出実態が明らかでない項目を要検討項目と位置づけている,平成27年4月1日より水質管理目標設定項目であるジクロロ酢酸トリクロロ酢酸フタル酸ジ(2-エチルヘキシル)農薬類の対象リストに掲げる項目の一部について目標値を見直した,D,平成27年4月1日の改正は水質基準の改正であり水質管理目標設定項目の改正ではない,水質管理,標準
284,上水道及び工業用水道,2015,水処理機械設備に関する記述として正しいものはどれか。,除塵設備は原水に含まれる浮遊物などの流入を防止し浄水作業に支障を来たさないようこれらを除去するために設置するものでレーキ式とロータリー式のものがある,フラッシュミキサは混和池において塩素剤と原水を機械的に急速に混和させるもので回転軸に平行にパドルを取り付けた翼を有するパドル式や平板に垂直な攪拌羽根をつけた翼を有するタービン式などがある,フロキュレータは回転軸に平行にパドルを取り付けた翼を緩やかに回転させるもので水路中に阻流板を設ける迂流方式と比較して処理水の状況に応じて攪拌強度を変えることができる利点があるが損失落差が大きく消耗部品の取替えなど定期的な整備が必要である,スラッジ掻寄機はリンクベルト式水中けん引式2種類が一般的に使用されている,A,除塵設備はレーキ式とロータリー式がある,水処理機械設備,標準
285,上水道及び工業用水道,2015,機械・電気・計装設備の安全性の確保に関する記述として誤っているものはどれか。,機械・電気・計装設備は機器の故障時や点検及び更新時においても水道施設全体として平常運用時と同様の機能を確保できるようバックアップ機能を備える,機械・電気・計装設備は地震や台風などの自然災害や広域停電発生時においても最大限の施設運用機能を維持できる構成とする,機械・電気・計装設備に異常が生じた際にそれを検出しその状態に応じて機器の停止重・軽故障等の異常警報または表示を行う監視装置や保護装置を設ける,機械・電気・計装設備は運転員の判断ミスや誤操作による事故発生を抑えるため簡素で安全なシステムとなるように計画する,B,最大限ではなく必要最小限の機能を維持,機械・電気・計装設備の安全性,標準
286,上水道及び工業用水道,2015,配水施設に関する記述として誤っているものはどれか。,配水池の配置については配水区域の近傍でポンプ配水上有利な低所を選定する,配水施設は水の持つ位置エネルギーを最大限に活用し自然流下による配水により電力を節減する省エネルギーが図れる配置とすることが理想的である,配水施設は消防水利を考慮した施設配置も重要である,配水施設は浄水を汚染することなくかつ変質させることのないように水質保持について適切な配慮がなされていることが必要である,A,配水池は高所に配置する,配水施設,基本
287,上水道及び工業用水道,2015,新管を使用する設計において管路全体として水理計算をヘーゼン・ウィリアムズ公式で行う場合に適当であるC値として正しいものはどれか。,10,110,30,300,B,新管のC値は110が適当,ヘーゼン・ウィリアムズ公式,基本
288,上水道及び工業用水道,2015,消火水量の記述として誤っているものはどれか。,小規模水道の消火用水量は消火栓1栓の放水量を1m3/min同時に開放する消火栓1栓を標準として設定する,配水管の受持つ給水区域内の計画給水人口が100000人以下のものについては配水管の設計において計画一日平均給水時の時間平均配水量に消火用水量を加算した水量で管径を検討する,消火用水量は配水池の受持つ計画給水人口が50000人以下の場合は原則として配水池容量に消火用水量を加算して設計する,火災時の動水圧は火点で負圧にならないようにするとともに配水管内においても一様に負圧にならないよう保つ必要がある,B,計画一日平均給水時ではなく計画一日最大給水時,消火水量,標準
289,上水道及び工業用水道,2015,配水池の流出管の設置位置に関する記述として正しいものはどれか。,流出管の流出口中心高は低水位から2倍以上低い位置とする,流出管の流出口中心高は低水位から1.5倍以上低い位置とする,流出管の流出口中心高は高水位から2倍以上低い位置とする,流出管の流出口中心高は高水位から1.5倍以上低い位置とする,D,流出管の流出口中心高は高水位から1.5倍以上低い位置,配水池,標準
290,上水道及び工業用水道,2015,配水管に使用する管種の特徴に関する記述として誤っているものはどれか。,水道配水用ポリエチレン管は耐食性に優れ熱紫外線に強い,鋼管は溶接継ぎ手により一体化ができ地盤の変動には管体の強度及び変形能力で対応する,ステンレス鋼管は管体強度が大きく耐久性がある,ダクタイル鋳鉄管は管体強度が大きく耐久性がある,A,ポリエチレン管は紫外線に弱い,配水管材料,標準
291,上水道及び工業用水道,2015,配水管の埋設位置及び深さに関する記述として誤っているものはどれか。,配水支管は給水管分岐の都合上なるべく道路の片側寄りに布設するのがよい,配水管を他の地下埋設物と交差または近接して布設するときは少なくとも0.3m以上の間隔を保つこと,寒冷地における管の埋設深さは凍結深度よりも浅くする,道路が広い場合配水支管は需要者への給水の利便性を図るとともに給水管の漏水防止のうえから両側の歩道又は車道の両側に布設する,C,寒冷地では凍結深度よりも深く埋設する,配水管の埋設,基本
292,上水道及び工業用水道,2015,空気弁に関する記述として誤っているものはどれか。,原則として管路の凹部その他適所に設置する,空気弁には維持管理を考慮し補修弁を設けるものとする,空気弁は水道用急速空気弁を採用し適切な口径を選択する,寒冷地においては適切な凍結防止対策を講じる,A,空気弁は管路の凸部に設置する,空気弁,基本
293,上水道及び工業用水道,2015,管路の自然腐食及び電食に関する記述として誤っているものはどれか。,ミクロセル腐食は金属管の表面上の微視的な局部電池作用によって生じ一般土壌腐食や特殊土壌腐食がある,直流電気鉄道の電車電流の一部が地中を通り変電所に帰流する際に地中に埋設された金属管を通りこれらの金属管に電流が流入する部分に電食が生じる,管路の腐食は自然腐食と電食に大別され自然腐食はさらにミクロセル腐食とマクロセル腐食に区分される,管が鉄筋コンクリート部を貫通して布設され鉄筋と電気的に接触する場合や異種金属(鋼管と黄銅バルブ等)を接続する場合はマクロな腐食電池が形成されマクロセル腐食の原因となる,B,電流が流出する部分に電食が生じる,管路の腐食,標準
294,上水道及び工業用水道,2015,給水管の管径に関する記述として正しいものはどれか。,給水管の管径は配水管の静水圧に水撃圧を加えた水圧において計画使用水量を給水できるもので経済性も考慮した合理的な大きさとする,給水管の管径は配水管の計画最大動水圧時において計画使用水量を給水できるもので経済性も考慮した合理的な大きさとする,給水管の管径は配水管の計画静水圧時において計画使用水量を給水できるもので経済性も考慮した合理的な大きさとする,給水管の管径は配水管の計画最小動水圧時において計画使用水量を給水できる大きさとする,D,給水管の管径は計画最小動水圧時において給水できる大きさ,給水管の管径,標準
295,上水道及び工業用水道,2015,耐震設計の基本方針に関する記述として正しいものはどれか。,レベル1地震動は当該施設の設置地点において発生するものと想定される地震動のうち当該施設の供用期間中に発生する可能性の低いもの,レベル2地震動は当該施設の設置地点において発生するものと想定される地震動のうち中規模程度のもの,耐震性能1は地震によって健全な機能を損なわない性能,耐震性能3は地震によって生じる損傷が軽微であって地震後に必要とする修復が軽微なものにとどまり機能に重大な影響を及ぼさない性能,C,耐震性能1は地震によって健全な機能を損なわない性能,耐震設計,標準
296,上水道及び工業用水道,2015,水道施設の重要度区分における「重要な水道施設」として該当しない施設はどれか。,取水施設貯水施設導水施設,浄水施設送水施設,配水支管,配水本管に接続するポンプ場,C,配水支管は重要な水道施設に該当しない,水道施設の重要度区分,標準
297,上水道及び工業用水道,2015,レベル2地震動の設定方法に関する記述として誤っているものはどれか。,地域防災計画等の想定地震動を使用する,震源断層を想定した地震動評価を行い当該地点での地震動を使用する,当該地点と同様な地盤条件(地盤種別)の地表面における強震記録の中で震度6強~震度7の記録を用いる,新潟県中越沖地震の観測記録を基に想定された設計震度設計応答スペクトルを用いる,D,新潟県中越沖地震は特定の地震であり一般的な設定方法ではない,レベル2地震動の設定,応用
298,上水道及び工業用水道,2015,漏水探知機に関する記述として誤っているものはどれか。,電子式漏水発見器は漏水音の検出器を地表面に置き地中を伝わってくる漏水音を増幅しヘッドホンで聞き取るものであり漏水の有無の確認や漏水位置の探知を行うものである,音聴棒は振動板を取り付けた金属棒でありメーターや止水栓制水弁等に金属棒の先端を接触させ振動板に耳を押し当て漏水音を聞き取るもので漏水の有無や漏水位置の探知を容易に行うことができる,相関式漏水発見装置は漏水地点を挟む管路上の2箇所にセンサーを置き相関器で各センサーまでの漏水音の伝播時間差を求めこの時間差と各センサー間の距離と管路を伝播する漏水音の速度から漏水箇所を検出するものである,リークゾーンテスタは水道管及び水中に伝わる漏水音を消火栓に取り付けた水中マイクでとらえヘッドホンで聴音し漏水の有無を確認するものである,B,音聴棒では漏水位置の探知を容易に行うことはできない,漏水探知機,標準
299,造園,2015,次の庭園とその庭園が造られた時代について誤っているものはどれか。,平等院庭園:平安時代,竜安寺庭園:室町時代,桂離宮:江戸時代,小石川後楽園:明治時代,D,小石川後楽園は江戸時代の庭園,日本庭園史,標準
300,造園,2015,ケヴィン・リンチが提唱した景観のエレメントに関する用語とその説明について誤っているものはどれか。,パス:道路・鉄道などの交通路,ノード:交通の結節点,ディストリクト:河川海岸などの領域区分線,ランドマーク:際立った目印,C,ディストリクトは特徴的な地区でエッジが河川海岸などの領域区分線,都市のイメージ,標準
301,造園,2015,次の施設のうち「都市公園」上公園施設になりえないものはどれか。,売店,水族館,宿泊施設,プロ野球専用の野球場,D,プロ野球専用施設は都市公園の公園施設として不適切,都市公園法,標準
302,造園,2015,緑の基本計画において必ず定める事項はどれか。,都市公園の整備方針,緑地の保全及び緑化の目標,緑化地域における緑化の推進に関する事項,緑化重点地区および当該地区における緑化の推進に関する事項,B,緑地の保全及び緑化の目標は必須記載事項,都市緑地法,標準
303,造園,2015,特別緑地保全地区に関する記述として誤っているものはどれか。,特別緑地保全地区の指定を受けると固定資産税が最大1/2まで減免され土地の所有コストを軽減できる,都市計画法における地域地区として市町村(10ha以上かつ2以上の区域にわたるものは都道府県)が計画決定を行う,当該地区内における建築物その他工作物の新築改築又は増築にあたっては都道府県知事(市の区域にあっては当該市長)への届出が必要となる,土地所有者が行為の制限を受けることにより土地の利用に著しい支障をきたす場合都道府県知事(市の区域内にあっては当該市長)に対しその土地を買入れる旨申し出ることができる,C,特別緑地保全地区では届出ではなく許可が必要,都市緑地法,標準
304,造園,2015,公園内の園路等に関する設計基準として誤っているものはどれか。,自転車道の幅員は1車線1m縦断勾配は5%以下とする,管理用トラックが入る園路幅員は2mを確保する,自転車道の曲線半径は10m以上とする,1人歩きの場合の園路幅員は0.8~1.0mとする,A,自転車道1車線の標準幅員は1.5m,都市公園技術標準解説書,標準
305,造園,2015,運動施設の排水に関する記述として誤っているものはどれか。,陸上競技場のフィールドの表面排水は滞水しないよう中心から周辺に向かって均等な勾配をとりトラック内縁のフィールド側に設けた排水溝に排水する,硬式テニスコートの表面排水は勾配1%以上に設定し側溝に集め排水する,野球場の内野の表面排水はピッチャーズマウンドを中心とし滞水しないよう周辺に向かって勾配をとる,野球場の地下排水は暗渠を設ける,C,野球場内野の表面排水はホームプレートを中心とする,都市公園技術標準解説書,標準
306,造園,2015,砂場に関する記述として誤っているものはどれか。,砂場柵(境界柵)が隣接する場合は50cm以上離して設置する,砂場枠(砂場縁)は衝撃吸収性のよいものを設置することが望ましい,砂の深さは50cm以上とする,底部には排水層を設ける,C,砂場の砂の深さは30~40cm程度が適切,都市公園における遊具の安全確保に関する指針,標準
307,造園,2015,日本庭園における役木で南面した庭の東側にあって常緑の針葉樹または常緑の広葉樹のなかでも特に幹や枝葉の美しいものが植栽される木の呼び方について正しいものはどれか。,灯障りの木,夕陽木,景養木,寂然木,C,景養木は庭園の東側に植栽される美しい常緑樹,日本庭園論,標準
308,造園,2015,樹木の剪定に関する記述として誤っているものはどれか。,落葉樹の剪定は休眠状態であり枝を落としても葉の量に影響しない冬期が望ましい,樹形の骨格をつくる剪定は夏季に行う,常緑樹の剪定は冬期を避ける,ツツジ類は花芽の形成期以後に剪定を行うと花が見れなくなるので花が終わった直後に剪定する,B,樹形の骨格をつくる剪定は冬期の休眠期に行う,樹木学,標準
309,造園,2015,芝生管理に関する記述として正しいものはどれか。,潅水は少量の水を毎日潅水すると根が浅くなるので数日おきに十分な潅水を行うほうが良い,1度の刈込みで除去する茎葉は1/2を超えないようにする,低く刈る場合は頻度を低くする,地面に穴を開けて通気を促進することを目土という,A,少量頻回より多量間隔の潅水が根の深い成長を促す,芝草管理技術,標準
310,造園,2015,予防保全型管理を実施する公園施設の長寿命化にあたって毎年定期的な健全度調査を行うことを標準とする公園施設として正しいものはどれか。,一般施設,土木構造物,建築物(100m2以上の特殊建築物以外),遊具,D,遊具は毎年の健全度調査が標準,公園施設長寿命化計画策定指針,標準
311,造園,2015,公園の魅力や可能性を発掘し資質を向上させる視点から管理を行いその結果を評価して継続的に業務の改善を行い恒常的に公園の魅力を維持していく仕組みとして正しいものはどれか。,プレイパーク,パークマネジメント,ライフサイクルコスト,公園施設長寿命化計画,B,パークマネジメントは公園の総合的な管理運営手法,パークマネジメント,標準
312,造園,2015,都市公園における遊具の安全確保に関する指針改訂版(平成26年6月)に関する記述として誤っているものはどれか。,健康器具系施設は健康運動を行うことを目的とした施設であるが子どもの利用も考えられるため遊具と混在した配置とする,重量が大きい可動性の健康器具系施設や子どもの挟み込みのおそれがある可動部を有する健康器具系施設の選定にあたっては子どもの利用について十分に考慮し慎重を期する,運動能力やバランス能力が要求される遊具は落下のリスクが高いので設置面には衝撃の緩和のための適切な対策を講ずる,公園管理者の役割として遊具の安全確保に関する知見・技術等を記録・蓄積し共有・継承する,A,健康器具系施設は遊具とは分離して配置すべき,都市公園における遊具の安全確保に関する指針,標準
313,造園,2015,遊具の点検に関する記述として正しいものはどれか。,「初期点検」とは公園管理者が主として目視触診聴診などにより施設の変形や異常の有無を日常業務の中で行う点検である,「定期点検」では構造部材消耗部材についてより詳細入念な点検を行う。点検の頻度は年1回以上とする。また通常外観から確認できない重要な部材についてテストハンマーを用いた打診による異常の察知などにより確認を行う,「精密点検」は製造・施工者の責任と判断において行われる,「日常点検」は公園管理者から委託された専門技術者が詳細に行う点検である,B,定期点検では専門技術者による詳細な点検を年1回以上実施,都市公園における遊具の安全確保に関する指針,標準
314,造園,2015,次の都市公園として種別が住区基幹公園ではないものはどれか。,地区公園,街区公園,近隣公園,総合公園,D,総合公園は都市基幹公園で住区基幹公園ではない,都市公園法施行令,標準
315,造園,2015,環境への影響を緩和するための環境保全措置を意味する用語として正しいものはどれか。,ミティゲーション,リクラメーション,インタープリテーション,ファシリテーション,A,ミティゲーションは環境影響の回避・最小化・代償措置,環境アセスメント,標準
316,造園,2015,植栽基盤となる土壌の透水性を向上させる目的で使用される改良材として正しいものはどれか。,ピートモス,黒曜石系パーライト,ゼオライト,炭酸カルシウム,B,黒曜石系パーライトは透水性改良に効果的,造園施工管理技術,標準
317,造園,2015,18世紀のイギリス風景式庭園に取り入れられた概念として正しいものはどれか。,アゴラ,ボスケ,ピクチャレスク,ルネッサンス,C,ピクチャレスクは18世紀イギリス風景式庭園の美学概念,西洋庭園史,標準
318,造園,2015,食物連鎖の上位に位置しその種が生息できれば下位の種の生息も保証されると考えられる種を意味する用語として正しいものはどれか。,象徴種,生態的指標種,アンブレラ種,キーストーン種,C,アンブレラ種は上位種の保護により下位種も保護される概念,保全生物学,標準
319,造園,2015,次の地被植物として木本類には該当しない種はどれか。,キヅタ,センリョウ,ビョウヤナギ,マツバギク,D,マツバギクは草本植物,植物学,標準
320,造園,2015,耐乾性に優れた樹種として誤っているものはどれか。,アカマツ,コナラ,ニセアカシア,トチノキ,D,トチノキは湿潤を好み耐乾性は低い,樹木学,標準
321,造園,2015,緑の基本計画や緑化重点地区の根拠となる法律として正しいものはどれか。,都市公園法,都市計画法,都市緑地法,自然公園法,C,緑の基本計画と緑化重点地区は都市緑地法に基づく,都市緑地法,標準
322,造園,2015,都市公園における遊具の安全確保に関する指針におけるリスクとハザードの解説に関する記述として誤っているものはどれか。,リスクは遊びの楽しみの要素で冒険や挑戦の対象となり子どもの発達にとって必要な危険性は遊びの価値のひとつである,子どもは小さなリスクへの対応を学ぶことで経験的に危険を予測し事故を回避できるようになる,ハザードは遊びが持っている冒険や挑戦といった遊びの価値とは関係のないところで事故を発生させるおそれのある危険性である,子どもが予測できずどのように対処すれば良いか判断不可能な危険性もリスクであり子どもが危険を分からずに行うこともリスクへの挑戦となる,D,予測不可能で判断困難な危険はハザードでありリスクではない,都市公園における遊具の安全確保に関する指針,標準
323,造園,2015,壁面緑化に用いる緑化材料として付着盤型に分類されるツル植物として正しいものはどれか。,ヘンリーヅタ,カラスウリ,クレマチス,モッコウバラ,A,ヘンリーヅタは付着盤で壁面に付着する,植物学,標準
324,造園,2015,運動施設の配置計画として正しいものはどれか。,サッカー場の長軸方向を東西とした,陸上競技場のトラック・フィールドの長軸方向を南北とした,テニスコートの長軸方向を恒風の方向と直交する方向にした,野球場の長軸方向を東西とした,B,陸上競技場は長軸を南北方向にするのが標準,都市公園技術標準解説書,標準
325,造園,2015,公共用緑化樹木等品質寸法規格基準(案)の規格基準の定義として正しいものはどれか。,樹高とは突出した枝を含めた樹冠の頂端から根鉢の上端までの垂直高をいう,幹周は根鉢の上端より1.5m上りの位置における幹の周長をいう,幹が2本以上の樹木ではおのおのの周長の総和の80%をもって幹周とする,測定方向により幅に長短のある場合の枝張は最長と最短の平均値とする,D,枝張りは最長と最短の平均値で表す,公共用緑化樹木等品質寸法規格基準,標準
326,造園,2015,植栽基盤整備工法と工種の組合せとして誤っているものはどれか。,排水工-暗渠排水,土層改良工-心土破砕,土壌改良工-施肥,盛土工-客土置換,C,施肥は土壌改良工ではなく栄養供給工法,造園施工管理技術,標準
327,造園,2015,移動等円滑化園路の設計として誤っているものはどれか。,移動等円滑化園路となる経路には階段を設けてはならない,都市公園の出入口の幅を120cmとする,園路幅員を180cmとする,園路の縦断勾配を5%とする,D,移動等円滑化園路の縦断勾配は5%以下で5%は上限値,バリアフリー法,標準
328,造園,2015,公園施設長寿命化計画策定指針(案)において公園施設の長寿命化計画を策定する際の予備調査の段階で安全確保に必要となる措置を最優先とした予防保全型管理に分類されるものとして正しいものはどれか。,間知ブロック積擁壁,遊具,テニスコート,池,B,遊具は安全確保が最優先される施設として予防保全型管理,公園施設長寿命化計画策定指針,標準
329,河川、砂防及び海岸・海洋,2015,洪水防御計画に関する記述として、誤っているものはどれか。,洪水防御計画は基本高水に対してこの計画により設置される施設が水系を一貫して相互に技術的経済的に調和がとれかつ十分にその目的とする機能を果たすよう策定する,洪水防御計画の策定にあたっては河川に起こり得る最大洪水を目標に定めるものではないことに留意し必要に応じ計画の規模を超える洪水の生起についても配慮する,河川整備基本方針においては計画基準点と主要地点の基本高水のピーク流量と計画高水流量を定める,河川整備計画においては段階的に効果を発揮するよう目標年次を定め一定規模の洪水の氾濫を防止し必要に応じそれを超える洪水に対する被害を軽減する計画とする,B,洪水防御計画では最大洪水ではなく計画規模の洪水を対象とする,河川砂防技術基準,標準
330,河川、砂防及び海岸・海洋,2015,ダム計画に関する記述として、誤っているものはどれか。,ダムの計画高水流量は洪水流出モデルを用いて計画降雨規模に引伸ばした洪水ハイドログラフを求めこれを基に既往洪水計画対象施設の性質等を総合的に考慮して決定する,ダムの洪水調節方式は下流計画基準点に対し目標とする洪水調節効果を確実に挙げる方式の中から洪水流出特性調節効率操作の確実性維持管理の容易性等を考慮して決定する,洪水調節容量は洪水調節計画で対象とするハイドログラフ及び調節方式から設定するものとし原則として2割程度の余裕を見込む,ダム計画に当たっては水・土壌等の環境動植物の良好な生息・生育環境人と河川との豊かな触れ合い環境への負荷の視点から環境への影響を十分に考慮する,C,洪水調節容量に一律2割の余裕を見込むとの規定はない,河川砂防技術基準,標準
331,河川、砂防及び海岸・海洋,2015,河道流下断面の確保・河床低下対策に関する記述として、誤っているものはどれか。,河道は種々の要因で変化することから適切に河道流下断面を確保するとともに河川管理上の支障とならないよう河床低下対策を行うことが必要である,河道流下断面は洪水時に変化するため河道計画では掘削後の河道断面が変化しないような計画とする,河道計画では河川改修の経済性だけでなく改修後の河川維持管理を含めた総合的な経済性から見て妥当な流下断面としていくことが重要である,砂州によって形成された瀬と淵の保全や水際部の環境の改善等当該区間の河川環境の保全と整備にも十分考慮する必要がある,B,河道断面の変化は自然現象であり変化しない計画とするのは現実的でない,河川砂防技術基準,標準
332,河川、砂防及び海岸・海洋,2015,樹木の対策に関する記述として、誤っているものはどれか。,治水上の支障が生じる河道内の樹木を伐開する際には樹木が阻害する流下能力など治水機能への影響や観測・巡視などの管理機能生態系・景観などの環境機能への影響を十分踏まえた上で対策する,樹木対策では樹木の経年変化も踏まえて予め伐開計画を作成しておくなど計画的な樹木対策を行う,河道内に繁茂した樹木対策を行う場合は樹木伐開だけを行う,堤防等の河川管理施設に対して根が悪影響を与えていると認められる樹木は除去する等の対策を行う,C,樹木対策では伐開だけでなく根系処理や代替植生も検討が必要,河川砂防技術基準,標準
333,河川、砂防及び海岸・海洋,2015,河道計画に関する記述として、誤っているものはどれか。,河道計画に用いる粗度係数は既往洪水の痕跡水位を再現した粗度係数などを用いて設定する,河道の横断形は河道の縦断形地形地質動植物の生息・生育環境等を含む河川環境長期的な河床変動を十分に考慮して定める,堤防の法線は計画高水流量沿川の土地利用状況自然環境洪水時の流況現況や将来の河道の維持経済性等を総合的に勘案して設定する,河道計画を検討する場合既往計画の計画高水位は変更しない,D,河道計画では既往計画の見直しも含めて最適化を図る,河川砂防技術基準,標準
334,河川、砂防及び海岸・海洋,2015,海岸防護に関する記述として、誤っているものはどれか。,海岸防護は海岸環境・海岸利用との調和を図り高潮津波波浪等による人命資産に対する被害を軽減することを目的とする,対象とする外力の状況越波越流による浸水区域の状況漂砂の連続性を考慮して一連の海岸を対象区域として設定する,海岸防護は高潮・津波の2つの側面から総合的に取り組むものとする,高潮対策津波対策において前提となっている海浜形状の諸元の妥当性を確認するため侵食の有無について検討する,C,海岸防護は高潮・津波・侵食の3つの側面から取り組む,海岸保全施設の技術上の基準,標準
335,河川、砂防及び海岸・海洋,2015,治水に係わるモニタリングに関する記述として、誤っているものはどれか。,治水に係わるモニタリングとは降水量河川の水量土砂量動植物の生育・生息状況等を総合的に監視することである,水量のモニタリングとはあらかじめ定められた地点において降水量を監視するとともに洪水時の水位・潮位及び流速(流量)等を監視することである,土砂のモニタリングとはあらかじめ定められた地点において定期的及び洪水高潮等の異常現象の後に河川の縦横断形状海岸汀線形状等を監視することである,内水のモニタリングとはあらかじめ定められた地点において内水流域内の降水量とともに内水河川及び排水先の河川の水位排水ポンプの排水状況等を監視することである,A,治水モニタリングに動植物の生育・生息状況は含まれない,河川砂防技術基準,標準
336,河川、砂防及び海岸・海洋,2015,内水処理施設計画に関する記述として、誤っているものはどれか。,内水処理方式の選定に当たっては実現可能な代替案の中から施設の維持管理超過洪水時における被害の程度等について総合的に評価するものとする,検討対象内水は過去の降雨実績外水位及び湛水状況を考慮して既往最大の被害をもたらした内水を含み数個選定する,内水規模の確率評価手法は内水河川流域降雨量による確率評価内水時間帯降雨量による確率評価湛水量による確率評価の中から手法の特性を踏まえて選定する,内水処理施設の規模は内水区域の重要度既往内水による被害の実態本川計画規模とのバランス等を総合的に考慮し超過洪水時の対応を含めて決定する,B,検討対象内水は既往最大だけでなく複数の代表的内水を選定,河川砂防技術基準,標準
337,河川、砂防及び海岸・海洋,2015,高規格堤防の施設計画に関する記述として、誤っているものはどれか。,高規格堤防設置区間の選定にあたっては破堤による極めて甚大な被害の発生を防止することを目的として上下流及び左右岸のバランスを勘案して一連区間を決定する,高規格堤防の高さは河川管理施設等構造令に規定する堤防の高さとする,高規格堤防設置区間に合流する支川等の背水区間にあたっては本川合流点よりも低い整備水準の超過洪水対策を講ずるものとする,高規格堤防の整備にあたっては沿川の地域整備に関する計画と十分調整を行わなければならない,C,支川の背水区間では本川と同等以上の整備水準が必要,河川砂防技術基準,標準
338,河川、砂防及び海岸・海洋,2015,河道の類型区分に関する記述として、誤っているものはどれか。,渓流区間は山地部を流下する河川で生産され当該区間に供給された土砂が土石流など高濃度・集合的な形態で移動が生じ得る河床縦断勾配が大きい区間である,山地河道区間は山地部を流下する河川で生産され当該区間に供給された土砂が土石流など高濃度・集合的な移動によってではなく出水時に掃流・浮遊形態で流送される場である,沖積河道区間は沖積平野谷底平野盆地を貫流する河道区間である,河口域は潮位変動による塩水浸入によって塩分濃度の変化が生じる河道区間及び河口からの淡水の流出によって塩分濃度の変化が顕在化している海岸側の領域である,A,渓流区間の特徴は土石流ではなく集合的移動,河川砂防技術基準,標準
339,河川、砂防及び海岸・海洋,2015,堤防の余裕高に関する記述として、誤っているものはどれか。,堤防は計画高水流量以下の流水を越流させないよう設けるべきものであり洪水時の風浪うねり跳水等による一時的な水位上昇に対し堤防の高さにしかるべき余裕を取る必要がある,堤防には洪水時の巡視や水防活動を実施する場合の安全の確保流木等流下物への対応等種々の要素をカバーするためにしかるべき余裕高が必要である,河床変動による水位上昇湾曲部の水位上昇水理計算の誤差等についてはその分の余裕高を加算する必要がある,内水による氾濫が予想される河川においては余裕高のための盛土がかえって内水被害を助長すると考えられる場合は余裕高を0とする場合もある,C,河床変動等による水位上昇分は余裕高とは別に考慮,河川砂防技術基準,標準
340,河川、砂防及び海岸・海洋,2015,護岸の基礎工天端高に関する記述として、誤っているものはどれか。,最深河床高の評価高を基礎工天端高とし必要に応じて前面に根固工を設置する,最深河床高の評価高より基礎工天端高を高くしてはいけない,最深河床高の評価高より基礎工天端高を高くし洗掘に対しては前面の根固工で対処する,最深河床高の評価高より基礎工天端高を高くし洗掘に対しては基礎矢板と前面の根固め工で対処する,B,基礎工天端高は最深河床高より高く設定することができる,河川砂防技術基準,標準
341,河川、砂防及び海岸・海洋,2015,床止めに関する記述として、誤っているものはどれか。,床止めとは河床の洗掘を防いで河道の勾配等を安定させ河川の縦断又は横断形状を維持するために河川を横断して設ける施設をいう,床止め本体は安定性を確保するため堤防に嵌入させる,床止め本体および水叩きと取付擁壁との接合部は絶縁する,取付擁壁の基礎は水叩きや護床工の底面より1m程度低いところに設ける,C,床止め本体と取付擁壁は一体的に接合する,河川砂防技術基準,標準
342,河川、砂防及び海岸・海洋,2015,堰に関する記述として、誤っているものはどれか。,堰の河川横断方向の線形は洪水の流心方向に直角の直線形とすることを基本としている,堰柱方向は洪水の流心方向とすることを基本としている,中小河川において下流部での局所洗掘堰付近での洪水流の著しい乱れ等による治水上の支障が生じる恐れがない場合は円弧形の緩傾斜(全面魚道タイプ)の堰とすることができる,堰柱による河積の阻害率は計画高水位における流向直角方向の洪水吐き部の堰柱の面積が河積(無効河積を除く)に占める割合で評価し概ね10%を超えないものとする,B,堰柱方向は洪水の流心方向に平行ではなく直角,河川砂防技術基準,標準
343,河川、砂防及び海岸・海洋,2015,樋門に関する記述として、誤っているものはどれか。,樋門の設置位置は本川の湾曲部水衝部河床の不安定な箇所を極力避けて計画する,樋門の設置位置はいかなる場合でも旧河道位置に設置してはならない,堤防の機能と安全性を確保するため樋門の数は最小限とすべきであり可能な限り統廃合に努めなければならない,樋門の函軸方向は構造の複雑化を避けて施工の確実性を図るため原則として堤防法線に直角に配置する,B,やむを得ない場合は旧河道位置への設置も検討,河川砂防技術基準,標準
344,河川、砂防及び海岸・海洋,2015,排水機場に関する記述として、誤っているものはどれか。,樋門を有する排水機場には樋門が横断する河岸または堤防の構造に支障をおよぼすおそれがない場合を除き吐出水槽その他の調圧部を設ける,水撃作用等を吸収でき構造に支障を及ぼす恐れがない場合は吐出水槽その他の調圧部を設ける必要がない,ポンプによる連続的振動により堤防への影響が考えられるためできる限り堤防から離して設けるよう努めなければならない,乗り越し管方式は堤防の空洞化の恐れがないこと経済性の利点があるが景観性や維持管理に問題があるため積極的に採用するべきではない,D,乗り越し管方式は条件が適合すれば積極的に採用を検討,河川砂防技術基準,標準
345,河川、砂防及び海岸・海洋,2015,伏せ越しに関する記述として、誤っているものはどれか。,伏せ越しとは逆サイフォン構造で河底を横過する工作物で施工方法が開削工法によるものをいう,伏せ越しは堤防の構造に支障を及ぼすおそれがない場合を除き堤防下に設ける部分とそのほかの部分とは構造上分離してはならない,伏せ越しには流水が河川外に流出することを防止するため河川区域内の部分の両端またはこれに代わる適当な箇所にゲートを設ける,伏せ越しは鉄筋コンクリート構造またはこれに準ずる構造のものでなければならない,B,伏せ越しの堤防部とその他の部分は構造上分離する,河川砂防技術基準,標準
346,河川、砂防及び海岸・海洋,2015,仮締切工に関する記述として、誤っているものはどれか。,堤防開削を行う場合の仮締切は既設堤防と同等以上の治水安全度を有する構造でなければならない,堤防開削を伴う場合の仮締切工の設計対象水位は出水期は計画高水位または計画高潮位非出水期は工事施工期間の既往最高水位または既往最大流量を仮締切設置後の河積で流下させるための水位のうちいずれか高い水位とする,堤防開削を伴わない場合の仮締切工の設計対象水位は出水期非出水期を問わず工事施工期間の過去5ヶ年間の時刻最大水位を目安とする,仮締切撤去後の堤体部は表土1m程度を良質土に置き換え十分に締固め復旧すると共に必要に応じ堤防及び基礎地盤の復旧も行う,C,堤防開削を伴わない場合は過去10年間程度の最高水位を目安,河川砂防技術基準,標準
347,河川、砂防及び海岸・海洋,2015,堤防の耐震性能照査に関する記述として、誤っているものはどれか。,耐震性能照査上の堤防としての機能とは耐震性能照査において考慮する外水位に対して河川の流水の河川外への越流を防止する機能としている,地震の影響として基礎地盤および堤体の液状化の影響と広域な地盤沈降の影響を考慮する,堤体の液状化は堤体及び基礎地盤の土質堤体の基礎地盤へのめり込み沈下量堤体内の地下水位を調べることによりその影響を考慮する,耐震性能照査において考慮する外水位は原則として豊水位とする,D,耐震性能照査では計画高水位を考慮,河川砂防技術基準,標準
348,河川、砂防及び海岸・海洋,2015,堤防の維持管理に関する記述として、誤っているものはどれか。,堤防の点検は出水期前および台風期に行うことを基本とし一定の規模の出水があった際にも行う,堤防の点検はクラックわだち裸地化湿潤状態等の変状を把握する,堤防は長大構造物であるため維持管理労力削減のため目視による点検を原則とし機器を用いた浸潤面計測堤防周辺地盤の挙動計測は行わない,コンクリート擁壁構造の特殊堤等の維持管理は不同沈下目地部の開口やずれコンクリートの損傷やクラック等に留意し異常を発見した場合には適切に補修を行う,C,必要に応じて機器による詳細な計測も実施,河川砂防技術基準,標準
349,河川、砂防及び海岸・海洋,2015,天然ダム等異常土砂災害対策の考え方に関する記述として、誤っているものはどれか。,天然ダム等異常土砂災害対策計画は天然ダムの決壊等による土砂災害から国民の生命財産及び公共施設等を守ることを目的に策定する,天然ダム等異常土砂災害対策計画で対象とする現象は降雨や地震等により発生した崩壊に伴い河道が閉塞して形成された天然ダムによって引き起こされる現象である,天然ダム等異常土砂災害対策計画は天然ダム等の異常土砂災害を防止・軽減するためのハード対策とソフト対策により計画する,天然ダム下流地点における応急対策としては堤体土砂掘削堤体土砂撤去既設砂防施設の堆砂域の除石砂防設備等の設置があり事前対策としては砂防堰堤の設置等があげられる,B,天然ダム等の対象現象には大規模崩壊による土石流等も含まれる,砂防基本計画策定指針,標準
350,河川、砂防及び海岸・海洋,2015,土石流・流木対策の土砂量等の算出方法に関する記述として、誤っているものはどれか。,流出流木量を把握するためには流域現況調査発生原因調査発生場所・量流木の長さ・直径等の調査流木による被害の推定調査を行う,流域現況調査では流出流木量算出地点より上流域における立木植生および倒木を調査する,倒木渓床に堆積している流木の調査では伐木用材の流出等人為の加わったものも発生流木量に含める,立木を起源とする流木の発生原因としては斜面崩壊の発生に伴う立木の滑落土石流等の発生源での立木の滑落・流下土石流等の流下に伴う渓床・渓岸侵食による立木の流出が考えられる,C,人為的な伐木用材の流出は自然発生流木量には含めない,砂防基本計画策定指針,標準
351,河川、砂防及び海岸・海洋,2015,土砂生産抑制施設の目的と種類機能に関する記述として、誤っているものはどれか。,砂防堰堤工は山脚固定による山腹崩壊等の発生・拡大の防止・軽減渓床の縦侵食の防止・軽減渓床不安定土砂の流出の防止・軽減を目的とする,護岸工は床固工の下流で縦侵食の防止および渓岸の侵食・崩壊の防止を目的とする,床固工は渓床の縦侵食防止渓床堆積物の再移動防止による渓床の安定化と渓岸侵食・崩壊等の防止・軽減を目的とする,山腹保全工は構造物等による斜面の安定化植生導入による崩壊等の発生・拡大の防止および軽減導入植生の保育等によるこれらの機能の増進を図ることを目的とする,B,護岸工は渓岸の侵食・崩壊防止が主目的で床固工との関係は必須ではない,砂防基本計画策定指針,標準
352,河川、砂防及び海岸・海洋,2015,土石流・流木対策施設における不透過型堰堤非越流部(袖部)の設計に関する記述として、正しいものはどれか。,袖部は礫の衝撃力と流木の衝撃力の大きいほうに土石流流体力を加えたものに対して安全な構造とする,袖部の上流のり勾配は1:0.2とすることを原則とする,袖部の下流のり勾配を本体の下流のり勾配に一致させた場合袖部の天端幅は2.0mを下限とする,設計外力に対して袖部と本体の境界面上におけるせん断摩擦安全率は2以上とする,A,袖部は礫と流木の衝撃力のうち大きい方に流体力を加えた外力で設計,砂防基本計画策定指針,やや難
353,河川、砂防及び海岸・海洋,2015,砂防堰堤の目的と機能に関する記述として、誤っているものはどれか。,渓床に堆積した不安定土砂の流出防止を目的とした砂防堰堤は砂防堰堤の設置により不安定土砂の流出を防止する機能を有する,縦侵食防止を目的とする砂防堰堤は砂防堰堤の設置により上流側に土砂を堆積させ堰堤下流の渓床の縦侵食を防止する機能を有する,流出土砂の抑制を目的とする砂防堰堤は堆積容量に流出土砂を貯留させることで土砂の流出抑制機能を発揮する,山脚固定を目的とする砂防堰堤は砂防堰堤の設置により上流側に土砂を堆積させこの堆積土砂によって渓床を上昇させて山脚を固定し山腹の崩壊の予防及び拡大を防止する機能を有する,B,縦侵食防止では上流側への土砂堆積は必須ではない,砂防基本計画策定指針,標準
354,河川、砂防及び海岸・海洋,2015,急傾斜斜面対策に用いられる工法に関する記述として、誤っているものはどれか。,吹付のり枠工は現場打ちコンクリートのり枠工と同じ機能を有するが凸凹のある不整形な斜面にも施工できる特徴がある,石張工はのり面勾配が1:1.0より緩い場合に用い原則として直高は5.0m以内のり面長は7.0m以内とする,植生工はのり面・斜面に植物を育成することによって雨水による侵食を防止することおよび緑化により斜面周辺の自然環境との調和を図るものである,現場打ちのり枠工は長期にわたる安定性に疑問がある個所や節理亀裂等のある岩盤に支保工的役割を期待する場合で勾配が1:1.0より緩い場合に用いる,D,現場打ちのり枠工は急勾配(1:1.0より急)な場合に用いる,急傾斜地崩壊対策技術指針,標準
355,河川、砂防及び海岸・海洋,2015,地すべり対策工のうちアンカー工法に関する記述として、誤っているものはどれか。,地すべり対策工に使用されるアンカーには締付効果を利用するものと引止効果を利用するものの2タイプがある,アンカーの定着長は地盤とグラウトとの付着長およびテンドンとグラウトの間の付着長について比較し短いほうを定着長とする,アンカーの自由長は最小長を原則として4mとする,アンカーの傾角は原則として水平面より-10度~+10度の範囲内は避けるものとする,B,定着長は長いほうを採用する,地すべり対策技術指針,標準
356,河川、砂防及び海岸・海洋,2015,土砂災害警戒区域等における土砂災害防止対策の推進に関する法律の一部を改正する法律案の改正の概要に関する記述として、誤っているものはどれか。,基礎調査制度の拡充として市町村に対して基礎調査結果を公表することを義務付けるとともに基礎調査が適正に行われていない場合には都道府県知事は講ずべき措置を示して是正の要求を行うことができる,市町村防災会議は土砂災害警戒区域の指定があった場合は当該区域ごとに避難場所避難経路に関する事項を定め市町村地域防災計画に反映する,都道府県知事は避難勧告等の判断に資するため土砂災害警戒情報を関係する市町村の長に通知するとともに一般に周知させるに必要な措置を講じなければならない,市町村長は土砂災害に係る避難勧告等を解除しようとする場合国土交通大臣等に対し助言を求めることができる,A,基礎調査結果の公表義務は都道府県にある,土砂災害防止法,標準
357,河川、砂防及び海岸・海洋,2015,砂防関係施設の長寿命化計画策定ガイドラインに示された砂防関係施設に求められる機能と性能に関する記述として、誤っているものはどれか。,砂防設備の機能には土砂生産抑制機能土砂流送制御機能土石流・流木発生抑制機能土石流・流木捕捉機能等があり砂防設備の管理に当たっては機能低下や機能不全が生じないよう適切に対処し長期にわたって砂防計画上の機能を発揮させる必要がある,砂防設備は計画上期待されている機能を個々の砂防設備が発揮するために堤体の安定性(転倒滑動沈下)や必要な堤体の強度・規模など構造上の規格すなわち設計された性能を保持している必要がある,地すべり防止施設の機能には地表水が地下浸透することを防止したり地下水排除や頭部排土で滑動力を低減させる等の地すべりを抑制する機能と構造物による抑止力で滑動に抵抗したり抑え盛土で滑動への抵抗力を付加する等の地すべりを抑止する機能がある,急傾斜地崩壊防止施設の機能には排水工法面保護工等の急傾斜地の崩壊を抑制する機能擁壁工アンカー工等の急傾斜地の崩壊を抑止する機能落石対策工等の落石を防止する機能待ち受け工などの急傾斜地の崩壊が生じても被害が生じないようにする機能がある,B,砂防設備は構造的性能だけでなく機能的性能も保持する必要がある,砂防関係施設長寿命化計画策定ガイドライン,標準
358,河川、砂防及び海岸・海洋,2015,砂防関係施設点検要領にて示された地すべり防止施設及び施設周辺状況等の点検に関する記述として、誤っているものはどれか。,地すべり防止施設等の点検に当たっては劣化・腐食損傷・変形等の原因とメカニズム進行速度機能や性能が低下した場合の問題点を推定しながら実施することが重要である,地すべり防止施設の機能や性能の低下の主な原因としては経年劣化と地すべりの再滑動がある,地すべり防止施設等の点検は損傷や劣化による施設の機能及び性能の低下などの状況を把握することを目的としているため施設周辺の斜面状況や管理用道路の状況については対象とする必要はない,点検は施設の劣化・腐食損傷・変形等の状況を目視で確認することを基本とするが地下水排除工の集水管及び排水管の不可視部分の変状が疑われる場合は必要に応じて詳細点検を実施することが望ましい,C,施設周辺の斜面状況や管理用道路の状況も点検対象,砂防関係施設点検要領,標準
